1834 2206 3669 3690 4974 12255 13743 16879 16977 20130 20138 22034 22898 23187 25413 26629 28537 39428:5316:319 269 238 119 119 329 99 109 295 419 519 290 319 198 799 119 458 299
495 2152 3228 5052 6168 6170 6263 6266 8356 9421 12011 12267 13859 14346 16129 20959 20963 22387 22390 22394:3868:125 399 150 477 44 44 65 65 199 95 379 329 50 129 50 369 499 134 133 133
14945 31770 35359:1727:659 949 119
8760 9735 11859 32868:1349:249 829 199 72
9027 9028:738:369 369
1984 12252 15108 21280:1636:399 99 999 139
2214 13743 16155 21283 26499 30610 33036 39452 42290:1711:269 99 89 399 129 50 299 99 278
3301 5727 11882 32319 35198:1944:878 139 129 149 649
12239 20503 39305 39548:363:99 99 100 65
5644 12305 27687 29342 32719 44006:1373:109 99 99 799 199 68
8138 8170 14991 21297 21799 29286 29661 33228:3273:169 169 1398 399 259 350 299 230
10853:50:50
8360 9423:295:200 95
1769 1776 39684:338:89 149 100
13158 39256:397:350 47
39684 44444:150:50 100
8326 39138:1034:354 680
10951 26652:577:119 458
1225 3276 4714 4715 5827 33544 39256:2058:339 59 109 238 1137 129 47
10843 31534 31745 39256 39684:799:50 109 399 141 100
5682 19726 19774 39684:747:139 279 279 50
13777 39688 41791:1597:499 899 199
3880 5666 18849 20139 21736:851:99 139 129 249 235
851 5666 16996:657:299 139 219
1777 10841 10843 16991 36653 39224 39241 39256 39289 39389 39684:1352:99 50 50 50 299 47 47 94 198 118 300
1769 5650 10980 11844 12511 21282 22819 22887:1254:89 129 199 50 150 139 389 109
5650 13048 22887 27527 27833 39138:1964:129 358 109 379 309 680
39684:50:50
39610:222:222
8275 16890 39388 45968:688:198 139 51 300
16369:476:476
39307 44006:246:50 196
39359:500:500
13703 22887 39684:658:399 109 150
5644 39224 39684:206:109 47 50
43881 44427:800:500 300
16695 16701 22126 24148 46071:1109:239 239 285 207 139
44427:300:300
12258 45965:199:99 100
632 2172 2173 2292 2293 13478 14721 14725 14729 15260 16975 21893 29996 29998 36203 39683 43852 44112:8596:399 649 649 289 289 199 89 178 178 1678 319 474 599 699 798 558 300 252
39256:47:47
7961 16746 20106 34964 37533:2563:799 349 199 447 769
3743 16228 16267 24195 25422 25424 37345 46084:2102:179 299 289 109 199 199 699 129
39138:2040:2040
5648:109:109
6540 37445:898:499 399
7113 9273 10951 12032 12130 21357 30528 31636 39138 39191 39420 39684:5432:499 99 119 379 2274 149 99 189 1360 195 20 50
817 22896 30372 37445 39684 39687:2205:899 109 300 399 150 348
39155:69:69
16160 28408 28409 30759:1377:100 189 189 899
3195 7383 7558 7571 39289:1164:150 239 239 239 297
27147 39684:500:450 50
13118 36112 36235:767:369 149 249
16979 43504:541:285 256
16977 20201 39289:2338:885 1156 297
16975 39289:737:638 99
1439 1781 2261 4374 4375 7289 7532 12461 13718 14818 15451 15464 16969 16977 20118 21308 21736 26533 26557 32106 33529 39289 39375 39432 39437 39473 39610:7886:669 627 489 249 249 199 507 79 399 239 169 657 387 295 299 399 235 169 119 99 199 99 290 59 99 300 306
16977 16979 32100 39688:1668:295 285 189 899
3567 4717 12527 12531 13718 18738 25203 39617:1754:340 447 34 198 399 179 99 58
5664:109:109
2292 2293 16980 39289 39683 43408 43502 43794:2752:289 289 289 198 558 256 297 576
12032:379:379
2588 13106 14010 16183 18519 22269 25050 37314 44512:2612:159 399 319 299 469 249 319 299 100
1852 4082 4136 4295 5049 5666 7304 7310 7317 8643 10785 12255 12275 12467 12522 12524 12528 13710 13743 14491 14623 16901 16971 16975 18802 19268 21413 22830 22831 28444 30287 30605 32115 32117 39452 39609 39617 39635 39681 40621 43504:7832:199 198 55 129 259 139 179 149 238 95 109 329 129 79 68 34 34 299 99 258 149 139 149 638 59 349 59 399 389 229 500 200 189 189 128 129 69 108 249 178 256
5711 7263 9106 9440 10943 13749 15697 15698 21755 21850 21893 25553 26155 39373 39430 39442 39453:4693:109 189 598 95 738 249 399 399 199 474 237 199 159 312 69 169 99
1472 1847 4400 9427 13718 16971 16977 30603 30605 30610 30613 39289 41184:2392:269 319 189 25 399 149 295 50 50 50 100 198 299
39684:50:50
16881 16893 23690:806:139 258 409
2018 2236 2239 2242 3673 3818 5127 16971 28096 28539 45127:6354:329 1947 649 649 149 396 459 149 149 478 1000
39684:50:50
1932 3057 3563 3669 3688 4875 8049 10318 12244 16525 16542 18774 18797:3122:198 236 170 238 238 199 638 130 229 129 129 329 259
16977 31148:684:295 389
510 527 9239 13145 14313 16977 20530 20630 22324 43630:2762:329 369 449 150 299 295 129 129 259 354
34468 34933:1098:939 159
9421 39684 44427 44522:1045:95 50 300 600
39146:300:300
7977 36202 36203:1177:479 299 399
5666 5667 9237 21280 39127:1353:139 139 698 278 99
39155 39684:119:69 50
3201 3564 39269 39305 39688:1916:299 218 200 300 899
5666 23281 23490 36202 36235 39684:1882:139 99 498 299 747 100
421 2227 2429 7305 7327 26438 26439 29135 39617:1535:65 269 139 179 199 189 189 198 108
39684:50:50
2023:329:329
2112 21386:748:349 399
3756 16894 16968 26149 39430 41184:1341:178 149 119 159 138 598
39289 39684:248:198 50
1787 2304 2608 2959 3224 3657 4293 6192 6443 6444 6447 6468 6474 6508 7416 7465 7478 11934 13445 13743 14282 15249 15838 16325 16693 16701 16894 16966 16977 21733 21850 21893 22126 24039 24066 27198 31807 34952 39432 39436 39610 39684 43408 43442:11953:189 289 159 199 50 258 159 169 478 239 598 758 329 349 239 199 239 179 489 99 299 399 250 259 239 239 149 89 295 249 395 237 95 449 469 499 349 99 118 137 210 50 284 428
11229 44073:1469:169 1300
16883 25474 43506:724:139 159 426
4240 8378 8393 8429 8432 14486 16473 20390 33982 35225 44981:9303:229 2999 2999 218 654 399 189 239 769 359 249
23785:529:529
5650 10749 16981 26549:1316:387 398 153 378
16977:590:590
21423 21427 21429 21545:400:100 150 100 50
16977 17474 39327:783:590 98 95
6015:159:159
39289:198:198
10837 23150:149:50 99
18203 21936 22018 22105 22126 39334:4051:1396 190 1045 95 950 375
21936 22018 22105 22126 28160 39334:2424:285 475 190 475 678 321
531 6452 8616 13730 13731 15591 16985 21021 24325 25575 26149 27747 28536 28846 39388 40139:4145:299 299 299 249 249 199 269 299 279 229 159 90 199 399 99 529
2797 3197 9186 11638 21932 39305:1276:219 219 169 139 380 150
39684:50:50
21280 21907 33859:968:139 230 599
1987 13743 20177:1435:399 198 838
39686 43917:231:139 92
11173:339:339
1460 9425:804:779 25
39686 43907:217:139 78
39688:899:899
1847 2304 3487 3606 3817 3972 3978 3980 4042 4072 4150 5083 5220 5298 6194 7377 7382 7383 7388 7408 7469 7472 7475 7478 7556 7557 7558 12257 12258 13710 14975 15896 16894 16967 16977 26904 28046:9524:319 289 150 179 99 99 149 149 249 299 299 199 499 499 199 239 239 239 239 239 239 239 239 239 239 239 239 159 198 299 699 275 149 109 295 498 299
8092 16975 26510 38641 38644 38646 39189 39191 39454 39684:1413:189 319 99 98 98 98 78 195 89 150
16975 17474 21297 37366 39191 39411 39415:2194:319 98 399 379 195 381 423
2172 2293 5298 13743:1536:649 289 499 99
10849 28379:164:25 139
6019 8326 10434 14524 14975 15354 19850 20516:5144:95 59 399 687 1398 1678 329 499
28529 42492:228:99 129
4393 4464 13743:442:218 125 99
6547 13089 36200 36202 36205 39684:1595:149 100 398 299 599 50
4936 8365 13927 30713:1216:299 159 319 439
16567 21893 21936 22018 22105 22126:6619:129 790 1520 2280 1235 665
2571 15354:1715:876 839
14284 16986 18447 34389 39452 39515:1188:299 145 145 389 93 117
30603:50:50
1834 5246 5302 9686 13727 16985 21736 29142 44037:4878:319 918 1497 738 498 269 235 300 104
14975:1398:1398
1777 39684:149:99 50
2018:329:329
27706:150:150
1215 4336 5722 6547 13703 19637 20042 35701:2163:129 179 250 149 399 299 99 659
1782 1852 10612 10620 10625 12737 13038 13039 13040 13043 13044 13046 13048 13062 15512 16675 16678 16693 16697 16698 16894 16967 16976 18350 18826 18828 18829 18830 18838 18840 18842 19652 22394 39285 43765:6875:239 199 150 300 150 359 179 179 179 179 179 179 179 179 398 239 478 239 239 239 149 109 170 299 59 59 59 59 59 59 59 279 133 290 372
12126 12134 43917 44375:1544:379 758 92 315
21936:5320:5320
39333:192:192
2486 3616 5007 16975 31529:1903:159 598 549 319 278
16680 16697 16977 39288:871:239 239 295 98
15429:519:519
5677 15108 15260 15354 39610:4376:319 1998 839 839 381
5646 14533 37769:677:109 169 399
2018 3621 4567 8365 11132 13111 14010 14106 15259 16978 18797 19637 21945 21984 21992 21993 22060 24269 28215 31697 37319 39388 39515 44420 46057:5872:329 299 79 159 379 349 319 329 119 158 259 299 115 269 179 358 115 359 399 259 269 137 117 100 119
4372 4631 6767 8749 12879 14336 16967 20130 21108 21308 28532 28535 38641 39452 39609 40189 40934:3727:339 179 179 279 99 89 109 419 129 399 199 398 98 84 70 259 399
1526 8078 9446 15554 20461 30070 41599 44983:2533:199 309 89 469 219 250 699 299
21258 26327 26369 27375 29665 39138:2512:109 599 495 129 500 680
1788 5722 16981 22903 24460 31047 31049 36202 36749 39388 43884:3979:189 250 153 399 129 399 1497 598 189 76 100
36202 36234:1096:897 199
3281 10973 42512:777:59 669 49
512 5535 8602 9184 9271 12308 12508 12592 13795 15188 15249 18564 21013 21015 21895 26167 43500 44098:6311:319 159 998 119 399 259 139 399 699 799 399 449 145 259 95 269 306 100
2523 39396 39681:658:309 100 249
13791 39393 39396 39688:1598:499 100 100 899
43905 43908:88:10 78
39138:680:680
512 527 13727 13730 17458 18807 19784 20440 39393 43500 43506:2866:319 369 249 249 319 118 339 109 150 333 312
2221 21818 24093 27794 30603 30605:1296:269 249 329 249 100 100
1761:1058:1058
3168:249:249
16885:1946:1946
24251 26166 39396:1017:498 269 250
39333 43913:288:120 168
39635:92:92
39156:89:89
11829 14054 18248 31515 36202:1275:299 319 139 219 299
11783 13703 16129 16985 17048 27399 35449 39155 39156 39684 44244:5083:50 1197 50 1076 718 298 1047 69 178 200 200
39191 39282 43550:717:195 72 450
3438 10799 10801 11556 22888 22896:784:169 119 119 129 139 109
30750:1599:1599
16977 19784:929:590 339
5546 6400 22819 44544:1307:239 379 389 300
2420 3763 31103:636:199 99 338
1881 4382 7457 14836 39288 43425 44006 44296:889:79 99 239 69 49 68 176 110
824 2917 7592 10503 12266 16901 16982 20064 39388 46066:2375:109 429 329 378 299 139 269 229 105 89
12349 33753 33764:757:99 159 499
837 11133 15840 19814 20139 22677 27365 31939:1974:100 239 250 658 249 199 190 89
3590 5984 7293 7314 8058 9421 12016 12416 16975 21026 21736 39206:3939:129 458 149 319 199 95 758 249 319 229 235 800
619 2239 3003 12343 21805 39612:1851:289 649 129 159 229 396
632 5165 5232 6370 6441 9258 10978 13204 20651 21738 21853 21869 21885 26625 27534 31044 33634 33912 36116 39609:9565:399 229 109 419 658 798 339 729 429 490 359 239 190 249 379 899 959 1359 249 84
420 20547 23032:473:65 289 119
2201 7431 7493 8134 8167 8978 9041 11429 11829 12289 12415 13478 13749 14824 15797 16977 18746 19669 21812 23970 24300 24301 24461 25485 26320 30217 31909 37278 39435 39470 41188 43103 44129:9737:349 219 289 255 169 258 398 159 299 199 239 199 249 499 369 295 179 279 478 329 75 75 99 258 1299 99 359 578 138 150 119 249 530
4504 4551 16975 16977 23815:2024:598 278 319 590 239
12291 16976 23626 29685 33908 36200 40914:1700:99 170 399 295 359 199 179
2024 4143 4144 4901 10335 16894 16967 16978 20394 20395 26547 44427:3334:658 179 179 198 390 149 218 158 199 597 109 300
39276:299:299
2605 18962 22286 36204 39684:1636:159 599 329 499 50
1520 3852 8956 14100 15668 16978 19832 39334 39393 39456 39684:2502:159 249 289 349 369 158 339 198 200 142 50
13730 21850:735:498 237
16160 31044:9990:1000 8990
13731:498:498
16370 39138 39334:1087:119 680 288
37002 39684:299:249 50
15108 15354:3676:1998 1678
1834 2521 2966 4099 4483 4671 6768 6770 6773 7601 9016 9053 10580 12351 12844 13730 16883 16970 16977 19004 20128 21430 21736 21850 21939 27470 27537 39432 39481 39610 39872 40128 43462 43553:8027:319 309 69 169 159 199 189 189 189 359 389 139 59 329 359 249 139 65 295 409 838 59 235 158 155 379 379 59 69 168 69 169 384 324
496 21348:424:125 299
26150 39138 39314 39432 39448:2496:778 680 242 708 88
3782 7849 16574 21903 21905 26549 29996 43883:2574:380 338 219 230 230 378 599 200
631 2315 31174 39371 39896 43881:2133:399 299 716 119 100 500
24262 39138 44427:1229:249 680 300
2630 2648 2690 6192 6456 17025 18894 21198 21199 29577 39435 39454:2534:269 299 279 169 478 188 189 59 118 259 138 89
2660 11136 21926:815:139 478 198
39617:67:67
8620 15249 21779 23694 26165 27214 36200 36204 39305 39314:3418:299 399 245 409 299 629 199 499 300 140
7264 16000 39241:715:249 419 47
5644 39171 39688:4705:109 1000 3596
16123 17469 20199 26527 29086 30616:930:50 98 289 149 179 165
5845 14836 15115 16894:756:339 69 199 149
4130 8176 16967 16975 36120 46064:2201:199 239 327 638 399 399
9461 9462 13987 30683:968:150 150 269 399
15309 16977 21781 39411 39684:1144:149 295 245 405 50
1956 2196 3482 4905 16985:2033:717 349 300 398 269
23498 26782 36114 36202 42505 45965 45986:2343:798 349 199 598 199 100 100
1857 4378 4385 12860 27273 31528 34995:1693:79 109 99 139 699 139 429
39687:174:174
15354 21850 39515:4064:3356 474 234
2200 4972 9237 12334 20497 22108:1424:269 159 349 149 229 269
34472 44092:3099:799 2300
22654:1629:1629
4283 16445 31938 31946 44123:464:79 150 79 69 87
1477 3232 4294 4342 4362 4397 4418 4482 5637 7773 11135 14520 14526 14531 14533 14895 14974 14991 15354 16566 17135 17136 19260 19266 20006 20007 25535 34353 34368:26914:278 300 795 369 687 238 1857 507 699 359 1198 379 676 338 169 3995 2796 1398 4195 149 529 799 249 747 438 438 387 389 1556
39684:50:50
5644 39684:159:109 50
6073 8654 15553 21298 43373:2582:599 190 398 399 996
10752 16894 39434 39629:390:135 149 51 55
5634:699:699
36200 36202:498:199 299
4385 4391 5278 5442 5568 5657 6018 6426 7220 7221 9447 10580 12255 12268 13832 14064 15445 15484 16260 16883 16884 16967 16977 20143 20165 21049 21940 25549 26625 28440 31043 31044 31915 33037 35673 36200 39285 39429:11661:99 399 579 309 139 399 95 269 199 219 178 59 329 319 229 319 799 179 399 139 119 109 295 269 329 399 229 159 498 119 198 1798 279 299 319 199 290 99
21295 32295 39314 45992:634:109 149 176 200
1087 1836 2436 2523 2653 3286 3482 3755 3902 4082 4099 4106 4633 7314 10561 11850 13730 13733 14581 15658 15797 16967 16978 18799 20979 32173 39373 39452:6249:139 279 219 309 299 99 150 95 69 99 169 109 139 319 95 239 249 249 409 269 369 109 158 658 439 159 312 42
30505 42324:398:199 199
2264 7314 7907 8606 10687 11104 12472 13718 14915 14918 15187 15658 16526 16528 16546 16968 16976 18595 19201 19668 21399 21811 31044 39305 39515 39609:8790:489 638 149 469 289 599 469 399 599 299 799 269 129 139 99 119 170 309 189 279 449 209 899 150 117 66
2235 16894 39617 43504:1165:649 149 85 282
10851 38665:319:50 269
1777 2018 2521 6116 9122 10248 10735 11783 11824 13869 15771 16118 16120 18778 22980 26438 26439 26440 27368 30764 37349:5104:198 329 309 479 199 559 499 50 50 100 279 50 50 329 199 189 189 189 269 289 300
39206:300:300
5644 9381 9530 14940 15093 15464 19146 21108 29096 30409 31987 32758 34469 39191 39327 39617:5173:109 419 279 699 439 438 429 258 169 200 379 119 649 195 275 117
9545 24265 24886 33865 36202 36585 37453 39388:3521:279 249 169 999 299 798 599 129
16986 39442:314:145 169
1789 2501 5266 9429 13743 13756 15056 15070 15350 15801 16968 19690 31735 38647 39314 39371 39610:4401:239 499 559 99 99 249 229 179 179 678 119 279 139 199 180 119 357
4614 19562 21929 43532:3520:179 498 198 2645
1770 15696 19964 21212 21318 21779 21817 36202 39511 43545 44732:2930:119 389 399 379 109 245 249 299 69 222 451
2178 7349 7500 9257 14534 16454 18521 19796 20005 21660 31714:3546:259 338 269 349 507 299 299 239 299 459 229
39393 39684 39688:3047:300 50 2697
2228 3743 4064 10541 12461 16895 39305 39432:1402:269 179 269 189 158 129 150 59
10843 18203 39686 44002:913:50 349 278 236
18642 18643:398:199 199
8527 14525 21749:887:459 229 199
7459 7511 14975 43642:2718:398 358 1398 564
1412 2940 3234 14534 14537 19783 39681:1394:100 99 100 169 338 339 249
24004 36235:348:99 249
1852 2084 16978 19754 21736 23876 27233:2338:199 399 158 359 235 189 799
38626:99:99
2292 5164 5558 8710 9239 12255 12284 13730 16894 16975 18365 28535 30573 39684 43898 44037 44132:7613:578 745 199 369 449 329 229 498 149 957 297 398 400 350 700 416 550
39333:189:189
1761:529:529
2420 31099:249:199 50
23317 30124 36202 37539 39333 39681 44267:2416:198 639 299 769 162 249 100
527 43500:720:369 351
5978:229:229
1760 3171 31170 39684:1127:529 249 299 50
2418 3197 8275 16977 18793 39429 39454 44132:1544:219 219 99 295 269 99 89 255
39688:899:899
4972 39127:258:159 99
39388 39610 40093 43931:1064:115 300 549 100
1119 4434 7317 9239 12858 16884 43545:1940:699 159 119 449 119 119 276
2563 16986:543:398 145
1774 1783 2228 3755 3761 12461 13696 13746 15802 16980 39305 39456 39610:2818:119 189 269 190 190 158 299 99 95 289 450 126 345
5696 12219 15744 15747 21291 28298 28299:2220:399 299 359 359 109 556 139
39688 44225:2850:2697 153
14126:609:609
39200 39201 39206:2699:1999 300 400
27504 39684:279:229 50
630 1943 4042 4083 4351 6547 13193 13730 14975 15085 16977 20128 21386 39430 41891:6609:399 239 498 538 100 149 299 498 1398 289 590 838 399 276 99
36116 36204:748:249 499
5644 5650 6199 16977 21662 26438 43610:2094:109 129 139 885 459 189 184
505 1683 13878:1059:50 959 50
2172 2489 3764 3782 3860 3877 6192 7229 7289 7293 7486 8370 8643 8655 10890 11354 11446 11447 12649 13730 13875 14837 15485 16977 16985 18241 18753 18787 21736 21850 21863 22006 22359 24249 26149 26499 28236 37247 38715 41062 42745:12401:649 339 75 380 249 209 338 298 398 149 239 200 855 570 65 129 139 139 359 498 219 99 358 295 269 399 349 389 235 474 239 239 138 299 159 129 399 359 399 299 379
44260:3000:3000
31044:899:899
4973 13749 39182 39370:23893:598 996 22200 99
1834 16977 43884:714:319 295 100
1847 2241 3755 7417 7457 7477 8195 8199 13718 16977 18901 21021 21679 21850 21893 24461 39388 43500:5431:319 649 95 239 239 239 329 339 399 590 429 299 459 79 158 99 120 351
3690 4660 14842 14906 15519 21020 21674 21920 28349 39189 39481 39610 39684 43898 46063:3518:119 299 129 299 439 299 459 99 169 78 54 156 50 700 169
3902 12461 13757 20408 21850 22481 36233 39371 39433 39453 39684 44427:2862:138 79 199 689 158 150 199 119 82 99 650 300
4045 4379 13743 16641 16977 39388 39610 39684:1415:269 218 99 79 295 105 300 50
15693 33945 39314 43855:1448:369 799 180 100
39686 44224 44377:297:139 94 64
39206:700:700
1251 12236 44327:636:369 99 168
13731 32085 39419:1292:498 299 495
10951:119:119
13914 16977 35984 39189:672:150 295 149 78
16894 20135 21850 39681 40607:1722:298 838 237 249 100
7310 14156 21766:437:149 89 199
11228:179:179
5566 22086:368:139 229
16894 18457:274:149 125
5246 6498 7373 7448 13731 17846 17915 21893 26239 31168 39681:6247:459 1399 199 199 747 899 349 790 429 279 498
1761 2304 14282 27360 39388 39430:1973:1058 289 299 115 74 138
39684:50:50
16977 19093 19711 19790 21280 21874 22888 23317 26163 29135 30862 39171 39688:3855:295 279 279 279 139 190 139 99 269 99 389 500 899
1752:79:79
5742 19755:1028:699 329
1760 25548 26149 36200 36202:1923:529 339 159 597 299
39686:139:139
5912 12132:1815:678 1137
32251:499:499
16118 34076 43550 43551:1403:50 869 265 219
12132:1137:1137
39138:680:680
9218 9229 12589 14525 16294 16300 22281 22799 26160 37308:3857:538 159 798 458 179 179 329 519 299 399
21893:711:711
12130:1137:1137
7613 43553:519:195 324
19981 39419 39681 41117 42521:1213:99 297 249 399 169
1758:629:629
44224 44375:312:92 220
10851 28543:174:25 149
39333:210:210
33943 35036 35040:1738:499 539 700
16967 16975 28535 39684:827:109 319 199 200
1896 3618 11769 27268 44522:2685:89 338 299 1659 300
9158 13743 26155 44327 44385 44543:1964:189 99 636 200 540 300
732 1760 3751 8640 8643 8656 12722 13727 15894 15895 16388 18901 21850 24914 39481:4480:199 529 198 95 380 475 249 498 275 275 298 429 158 339 83
39333 44266:506:306 200
21738 21893 21897 21904 43746:1281:245 158 115 115 648
39206:200:200
8707 9439 12343 18673 19799 21347 44012 44384:2071:229 95 159 299 199 299 216 575
4254 4255 4258 4264 5648 12323 24033 31828:1288:39 39 39 39 109 99 575 349
4099 12130 16977 26874:2125:169 1137 590 229
16894 21795 43730 44134:1161:149 229 295 488
1760 4741 4742 4972 13710 15108 16986 20099 39333 39388 39430 39515 39684 44511:3544:529 99 99 159 299 999 145 389 150 140 69 117 50 300
12240 16975:737:99 638
2570 7408 9269 16118 21850 21893 27790 39681 43500 43506:3026:139 717 578 100 79 79 89 498 366 381
4379 36200 36234 39138:1187:109 199 199 680
39333:324:324
8321 39333:310:79 231
16991 19832 39171 39688 43186:4734:100 339 1000 1798 1497
1891 6018 16977 20528 20531 20658 30581 32474 39435:1886:79 190 295 129 129 129 398 399 138
13914 28949:300:50 250
12474 20174 27073 43746:1093:149 249 299 396
2261 4447 5657 6018 6405 11882 12342 14826 27583 30998 37717 39684:4164:489 259 399 95 489 258 199 179 499 699 499 100
24966:249:249
12600 15677 23317 23498 36202 36203:4288:399 399 99 1596 598 1197
1788 2230 3529 3758 10547 10623 10625 15270 16985 21641 21907 23073 31714 39684:2638:189 269 75 75 300 150 150 150 269 458 115 159 229 50
43743 44129:635:350 285
39191:195:195
8215 30531:598:469 129
1763 5165 7408 7480 8656 13730 14533 18595 21850 21893 22757 43500 44055 44130:4332:315 229 239 478 380 498 507 309 79 158 189 372 282 297
1496 4073 14974 16977 24335 33161 39305 39388 44134:2479:139 478 699 295 75 239 150 124 280
27365 39684 43746 44055 44132 44600:1738:190 100 492 366 390 200
5711 21893 39339:766:109 237 420
43345 43349:497:198 299
8763 12343 26528:447:169 159 119
11194 25261:608:259 349
1891 5633 6021 14918 15353 15437 16971 20037 21309 21721 21852 39617 39640 43490:4931:79 399 190 299 329 799 149 129 699 670 359 113 69 648
1758 5644 29418 29421 39182 43917 44225:23829:629 218 219 219 22200 212 132
3543 3848 3990 4973 5439 7317 10961 13718 14260 14836 14847 15457 16881 16883 16977 18426 18474 20886 39314 39448 39609 39634:6819:258 479 358 299 129 357 318 399 389 69 219 358 278 139 1475 149 199 399 278 76 88 106
4132 26152 39182 39419:22994:199 199 22200 396
2269 2851 2933 2936 3057 3576 4365 4385 4438 4442 4453 4454 4464 4876 5634 5637 6418 12242 12260 12262 12266 13736 16569 20005 21309 21738 22901 24070 28453 31163 31165 31168 31170 31544 39686 44335:24714:1947 354 177 177 354 834 199 198 378 567 198 198 375 796 699 699 438 299 299 299 598 189 249 598 699 980 699 597 1876 1996 558 558 1794 699 139 3000
21850 21893 39224:284:158 79 47
512 528 14526 14533 14540 14541 39388:1947:319 369 169 338 229 458 65
39172 39688:1649:750 899
2438 28696 36204:1487:569 419 499
39156 39184 44178 44269:1194:178 300 616 100
2181 6452 16979:683:99 299 285
39333:387:387
8277 16258 31058 31939:567:99 329 50 89
4022 7461 7511 7514 16881 24177 34352 37260 39683 40911 41592:3885:139 398 358 179 278 150 129 1198 558 299 199
1834 7494 12288 16975 31490:1535:319 399 199 319 299
1760 12728 12738 13692 13718 13730 16979 19080 21793 28537:4475:529 349 349 199 399 498 1425 299 199 229
9427 14706:179:50 129
36202 39688:1198:299 899
5664 10526 22363 39334:489:109 55 109 216
5370 6118 19184 19186 20842 21472 21526 21529 21530 21537 21565 24042 24048 36200 36202 36234:7238:109 749 399 699 1398 120 117 80 120 40 117 619 879 995 598 199
4411 39157 43921:773:159 109 505
6021 6024 6547 8159 8176 8178 15770 31043 31047 31058 31099:2060:95 95 149 198 239 198 289 198 399 100 100
31901 36937:397:198 199
207 1781 4718 6434 6444 9158 11405 13749 15351 15658 20442 21018 21736 24038 25395 25405 26547 27248 27285 31058 32370 32877 34705 35347 38391 38394 43500:9070:179 209 418 329 239 189 109 249 358 269 209 478 235 235 699 799 109 449 389 100 139 249 449 609 349 698 327
11968:758:758
31160 31161 44225 44332:4838:79 79 180 4500
13979 16236 21893:1710:638 598 474
64 2472 2690 4349 9434 13878 14525 15478 16978 20015 24908 26148 34398 34948 39359 39454:4089:275 259 279 199 89 100 229 598 158 269 678 89 179 99 500 89
18938 39224 39686:785:599 47 139
15914 16879:850:632 218
2242 2573 2913 4379 6403 7726 10574 10575 12487 13710 14581 16967 19918 21770 22876 22877 24175 34117 34935 36114 39359 39373:7104:649 219 219 109 438 499 275 275 379 299 409 109 459 199 299 299 300 559 99 199 500 312
822 2300 3900 3990 4932 5163 5644 5704 7416 7480 8643 11173 12255 12264 12460 16976 18231 20128 20130 20488 21262 21821 22359 22901 28537 39683 46069:8784:158 119 119 358 139 954 109 109 239 239 380 339 329 299 138 340 379 419 419 269 699 259 138 699 458 558 119
5645 9430 16160 22113 28398 31152 39739:1073:218 99 100 139 139 99 279
12726 27371 38849 39388 39473:1152:299 178 419 106 150
5650 39334:327:129 198
7480 7486 11417 12819 13052 27496 43500:2866:239 239 158 678 837 379 336
2303 2401 7314 12145 12254 12255 12768 14245 15031 16885 16977 22110 22817 29996:6328:398 50 319 239 329 329 758 399 1399 278 295 278 658 599
5650:129:129
13051:279:279
4686 5493 7840 10345 11797 15976 16546 16840 16941 21929 23691 28453 29236 30836 33904 33927:5355:199 289 175 316 299 69 99 399 199 198 409 469 449 199 1058 529
8767 39337:473:299 174
2022 39681:578:329 249
2030 5101 9564 12844 13743 16967 23962 27749 34245 37502 44511:3360:399 518 339 359 99 109 299 180 459 299 300
21175:538:538
7571 13718 16977 18540 19003 36582 36957:2978:239 798 885 399 299 159 199
12809 16977 31357 39683 43506:2268:50 1180 99 558 381
25397:799:799
36305:349:349
12326 12878 16975 39371 39420:886:99 249 319 119 100
5257 13743 14525 15352 31938:835:249 99 229 179 79
39481 43936 44006:309:57 184 68
6093 8386:3077:478 2599
12586 13743 13746 13752 31703 36116 36118 36305 39432 39612 39614:2139:259 99 99 299 229 249 299 349 59 99 99
504 1782 3196 3566 3948 4394 4472 4974 5628 5634 5635 5735 6031 6192 7224 7287 7361 7368 7562 7632 7841 8191 8637 8641 8944 9654 10749 11139 11774 12198 12256 12277 12508 13734 13743 14312 14533 14627 14637 14656 14974 15028 15167 15266 15310 15349 15457 15689 15969 16124 16271 16844 16852 16854 16883 16967 16975 17452 18748 20126 20148 20451 20725 21413 21719 21736 21780 21893 21895 21899 21929 22359 22431 22434 22698 22774 22826 23151 23835 24429 24521 24597 25557 25613 26124 27070 27177 27228 28092 28305 28705 29837 30280 31025 31880 34029 34465 34553 34995 38515 39127 39430 39432 39609 39634 39684 43418 44125:30575:100 239 149 340 99 139 189 119 134 699 67 399 89 169 149 209 239 239 309 489 229 369 129 190 229 379 199 749 279 129 329 299 139 349 198 299 169 229 229 155 1398 1499 479 150 339 179 179 499 79 50 299 199 109 109 139 109 319 119 179 249 219 99 75 59 338 235 245 158 95 69 99 138 250 250 399 269 179 297 899 649 119 469 399 99 1269 339 499 499 339 439 179 258 399 100 109 349 549 159 429 139 99 69 59 74 194 50 535 812
1527 2407 3504 3578 3763 3902 4492 4937 6330 6463 6518 6616 6760 6789 8135 8188 8695 9041 10590 12877 13477 15070 16970 17459 19716 20887 22003 22139 22480 23828 26160 27247 28440 32115 32360 33276 36234 36937 39430 39448 40695 41727 41972 42258 43504 43786 44489:12784:50 99 130 49 198 69 119 299 299 299 349 179 85 389 255 339 149 597 190 139 299 179 65 179 289 399 115 229 250 229 299 878 119 189 149 239 796 199 69 70 1677 99 199 129 288 720 150
44266:200:200
10463 13101 21996 26149:1825:918 399 349 159
777 2025 2304 13743 16975 43492:1461:149 329 289 99 319 276
10849:25:25
39138:680:680
1837 7589 7606 15675 15680:1925:289 399 369 359 509
39155:69:69
21389 21850 21893:950:239 474 237
4936 4972 9089 12415 18538 21215 22849 25702 25703 28535 39305 39430 39432 39435 39470 39609 39610:3670:299 159 369 239 279 379 389 149 149 199 150 69 59 69 300 62 351
2242 2419 2608 3234 8054 12221 21850 21893 27102 31492:2770:649 189 159 400 319 329 158 79 189 299
5633 39189 39190 39609 39617 44384 44385:1760:399 78 78 88 82 325 710
5650 39688:1927:129 1798
2188 2192 4695 4709 5164 8950 10967 10970 14607 16911 20479 20482 22832 26155 27504 39411 39420 39687:4517:279 469 278 238 745 49 125 125 139 149 417 278 159 159 229 117 40 522
631 633 39334:1221:399 399 423
39420:80:80
729 2173 2238 2269 15108 16985:5070:318 649 649 649 1998 807
1769 21779 39388:441:89 245 107
13879 32761:169:50 119
39334:234:234
8178 21288:238:99 139
43907 44385:238:78 160
39171 39688:1399:500 899
39206 39334:1270:1000 270
8159 8176 8178 39305:587:99 239 99 150
15057 44123:322:229 93
7279 7407 12266 12778 13730 16883 16978 20164 24333 24335 24337 24340 28046 31714 39634:3406:299 479 299 289 498 139 158 329 75 75 75 75 299 229 88
1262 3277 4371 4965 5574 9430 9447 12166 14816 14912 21207 26534 39155 39334 43913:2582:129 149 129 149 89 99 89 329 219 389 99 149 69 207 288
620 2362 2368 2657 4053 4082 16285 16977:1519:239 45 44 299 299 99 199 295
39157:109:109
729 2292 2304 2623 3495 3510 3520 4049 4100 4124 4391 4402 4429 4948 5117 5164 9191 9212 9381 10889 11133 11354 12256 12306 12406 12461 12622 12862 13730 13736 14627 15456 15457 16676 16695 16698 16699 16967 16977 18263 18989 18991 20096 21253 21779 22359 22559 25485 29466 40044 43746 44037 46069 46085:15226:159 289 289 229 178 300 118 269 385 255 399 259 219 99 279 745 299 299 419 130 478 129 329 259 398 158 119 389 498 189 229 299 179 199 239 239 239 218 295 439 339 339 389 89 245 276 159 129 389 229 630 456 119 299
5445 10788 12491 13982 16237 16251 36106 36200:1983:200 119 469 319 299 179 199 199
420 1926 39686 43908 43936 44377:973:130 198 417 72 116 40
4803 6440 6447 6450 6460 6462 7373 7377 7388 7406 7408 7469 7472 7476 7525 7571 8178 8181 16236 16894 16977 32365 39333:7096:89 719 299 719 549 549 199 239 239 199 239 239 239 239 199 239 99 99 299 149 885 170 201
21288:139:139
1783 21385 39127 39334:697:189 139 99 270
5914 12132:3291:1017 2274
5704 39256 39334:549:109 47 393
4283 9423:174:79 95
11568:259:259
2518 8050 9162 10383 12669 15353 16975 20135 22781 22816:3569:199 319 299 399 199 329 319 838 339 329
630 4434 4899 4915 5183 6329 7417 7479 8101 14601 28536:4542:798 318 398 538 498 289 478 478 249 299 199
39334 44123:234:186 48
27102 39334 39686:913:189 585 139
39634 39684:252:202 50
13731 16458 18350 24332 24335 24339 26464 28048 39285 39333 43392:3095:498 598 299 150 150 150 438 299 290 135 88
1517 3492 3762 3900 3978 7617 9237 9617 10923 11447 12230 14906 18225 19703 19837 20065 26149 26975 27749 31025 39681:5213:150 89 99 119 149 389 349 199 399 139 399 299 379 359 279 419 159 400 90 100 249
8176 15352 35267:1695:478 358 859
731 1783 1834 2258 13718 16894 16977 16985:1978:159 189 319 199 399 149 295 269
2050 4018 8133 12812 16976 18350 19755 21006 21212 29135 36141 39452:2518:349 150 255 249 170 299 329 170 379 99 49 20
1037 1216 1640 1847 2401 3728 4057 5665 7387 7389 8178 13914 14299 14841 18772 20396 21681 28543 30287 30326 44699:6182:150 258 399 319 50 179 259 399 239 199 99 150 319 129 329 398 459 149 500 198 1001
41184:299:299
39171 39269 39339 39686 39688:1879:500 200 141 139 899
512 527 2242 2293 2356 2466 2523 3482 3568 3721 4385 4849 4900 4902 5163 5367 5381 7327 7472 7476 7482 9239 16985 17890 20177 21921 32168 35224 35360 35693 46077:9134:319 369 649 578 129 179 309 75 340 150 99 179 99 99 318 69 69 199 239 239 239 449 269 579 838 139 159 779 119 659 199
2018 6431 43898:1298:329 269 700
19981:99:99
1395 21736 28420:525:100 235 190
1782 39430:653:239 414
13710 16977 22827 37236 39388 39432 39447:2588:299 1475 199 209 130 118 158
3440 8176 8181 9577 13478 13749 16981 19697 19981 21775 21893 24653 37284 39432 41187:3070:169 239 99 145 199 249 153 269 99 245 158 259 519 59 209
1790 1792 1793 1809 2047 4471 4972 6441 6444 6445 6468 9256 12341 12726 13727 16118 16123 16985 22887 22896 39314 39337 39442:6473:59 59 59 59 519 299 159 658 478 478 758 399 100 299 498 150 100 269 109 109 254 432 169
39688:1798:1798
1698 1973:718:319 399
1333 6328 6452 7310 8229 12512 13736 14525 16796 16967 21779 21850 21893 22656 23926 26153 29996 39314 43913:5308:299 299 299 149 519 159 189 229 249 109 245 79 158 1119 189 159 599 158 102
1758 3702 6074 6773 9429 12543 15457 15464 16968 19095 21308 26518 39419 39432:3133:629 139 149 189 99 278 179 219 119 279 399 198 198 59
14715 16991 39138:879:149 50 680
10749 11037 16907 16966 23498 36200 36202 36203:2510:199 89 139 89 798 199 598 399
21258 39024:778:109 669
39138:680:680
7314 16894 39681:717:319 149 249
3593 3594 5167 8134 10555 13749 15886 15887 16978 17081 18807 21775 21895 22469 27748 33657 39388 39430 39435 39445 43518:4475:338 318 269 255 178 249 79 79 158 129 177 245 190 100 200 649 130 69 138 249 276
2625 3045 5874 6111 7583 14583 16989 18482 18485 19735 19840 21288 21804 23024 25111 32365 39388 39466 39472:5531:439 499 399 479 489 409 89 159 159 359 578 556 259 238 99 85 136 50 50
39688:1798:1798
4454 33289 44417:1657:99 258 1300
1991 1994 2242 4146 7328 7330 7478 7496 7606 8038 8108 8979 8985 8989 8990 8991 8996 8998 9062 11115 12468 13690 13710 13730 13746 14162 14991 15284 15457 15692 15769 16979 21006 21780 22827 23692 24258 35983 39314 39373 39432 39441 39610 43803:16032:399 399 649 259 199 259 239 478 369 689 249 229 79 79 79 79 79 79 429 599 189 299 299 498 99 399 699 429 179 479 578 855 510 245 199 409 2154 149 170 312 59 169 402 333
39138:680:680
1781 1784 1847 1973 3771 3779 4972 5634 6100 8115 16967 16985 18749 26149 39359 39430 39481:6236:418 239 319 798 79 79 318 699 598 869 218 269 279 318 500 138 98
21258 25566 39686 43913:971:109 399 139 324
5646 24186 43913:685:109 198 378
4442 11169 13730 15154 16894 16967 22512 31993 31997 36114:3359:189 359 498 179 149 109 419 629 629 199
39206:100:100
36114 36116 36203 36207 39684:1396:199 249 399 499 50
11780 23301 23433 36116:627:50 99 229 249
1834 3764 4099 4107 6450 6776 8092 8159 8656 11772 12461 13730 13731 14282 16967 18224 18775 22560 27371 39481:4959:319 75 169 109 719 239 189 99 190 299 79 249 249 598 109 379 329 299 178 83
2497 3257 4365 4371:826:199 100 398 129
39206:100:100
1834 4393 4438 4442 15836 43852 44427 44492 44522:2306:319 109 189 189 500 300 300 100 300
2242 12257 13718 16970 21030 39452:1451:649 159 399 65 139 40
12030:379:379
11329 23032:409:290 119
633 3324 11226 12485 16191 16977 34094:3432:399 679 378 299 598 590 489
39138:680:680
16977 16981:743:590 153
2304 7457 7472 7479 7482 7484 8159 8178 16977 22318 43551 43553 43632:3772:578 239 239 239 239 239 99 99 295 579 282 321 324
729 4469 4742 4972 12677 13727 21279 33930:1930:159 119 99 318 249 498 139 349
440 683 731 2857 3020 3113 3303 3657 3681 3690 5182 7731 8967 12456 12840 13749 15423 15432 15473 18807 18936 19735 21919 21971 33656 33704 34838 36114 39388 40128:11024:199 199 159 219 219 299 499 129 109 119 529 600 299 229 299 498 799 799 339 118 458 359 189 198 1149 889 629 199 126 169
39241:47:47
21736 36585:634:235 399
39241 39686 43931:286:47 139 100
2018 2054 2056 2057 4082 13043 16901 24095:1872:329 329 329 329 99 179 139 139
5444 5451 6728 12221 13979 16236 16252 21297 22475 39429:2622:100 100 179 329 319 299 299 798 100 99
12262 14523 19673 44132:1146:299 398 329 120
2304 16975 20139:857:289 319 249
13040 13043 28310:876:358 179 339
1109 13737 25201 39429:886:389 249 149 99
2371 2436 3023 3690 7327 8176 10556 12415 13116 13391 13828 14094 14531 14583 18785 20165 21009 21660 22133 22359 24433 27371 32804 33657 39359 39366 39411 39430 39433 39434 39442 40588 42191 43504 43553:10199:178 219 219 238 199 239 300 239 369 279 199 179 169 409 349 329 170 459 229 138 729 178 438 649 500 500 369 138 50 36 169 379 350 272 333
39686:139:139
2144 2296 5666 6540 6547 9164 10825 12268 15976 19744 19747 20962 21738 22245 22888 23694 24090 24093 31933 39429 39432 39684 42924:6548:399 299 139 499 149 499 159 319 345 329 329 399 245 189 139 818 329 329 189 99 118 100 129
1878 9413 21497 21499 22896:837:79 299 175 175 109
6007 8183 8991 9148 9206 11914 12488 13724 14845 15189 16985 18335 18779 18799 21302 21348 21389 32375 36202 39314 39373 39393 43500:8045:85 299 158 299 219 379 169 299 159 799 269 499 379 329 598 299 239 558 897 188 312 250 363
3393 39640:608:539 69
21736 21780 29135:777:235 245 297
3576 13718 20029 45405:1513:556 399 369 189
45987:100:100
729 2242 4093 7844 32365 41815:2505:159 1298 199 309 340 200
1770 4897 10542 11453 22078 23184 23186 29186 31050 34446 39171 39688:5246:119 279 109 716 269 299 299 399 999 359 500 899
15108 16966 16977 21781:1628:999 89 295 245
523 8181 14496 14836 14974 16912 21020 46050:2268:118 198 597 69 699 159 299 129
4879 5646:178:69 109
619 1800 1809 2241 2895 2909 2974 2975 2981 3524 3535 3625 4018 7408 7417 7457 11458 12684 13710 13731 14758 14760 14762 14764 18729 19069 19674 19710 19719 20446 22130 22131 24327 24339 24341 27055 31257 32158 37573 39373 39681 39872 40695 41507 43714 43998:12042:289 118 118 649 138 289 69 69 69 45 45 289 150 239 239 239 279 199 299 498 89 178 89 89 219 219 279 279 279 209 429 429 150 150 150 239 299 478 249 312 249 69 1677 189 345 370
6020 13743 15833:538:189 99 250
34099 43913:967:349 618
1852 13756 16978 16989 18784 18785 25534 39373 40952 43408 43455:2560:199 249 158 89 349 349 129 312 299 272 155
1782 1818 2214 2899 2970 2974 2975 3498 3504 3560 3864 3907 4123 6192 6450 6498 8092 8640 8643 8655 9162 11425 16895 16975 18226 18556 20396 21308 21850 26149 28537 39432 39617 39634 43518 46069:11777:478 159 269 69 138 138 69 138 130 170 249 149 179 169 1438 2798 189 190 190 190 299 119 258 319 379 219 398 399 474 159 229 118 45 196 548 119
31529 39206:739:139 600
632 4973 13730 16901 43550 44444:1471:399 299 249 139 285 100
6444 6456 6470 8113 13446 13447 18738 39685:3409:239 478 758 179 489 489 179 598
5644 12163 12346 19723 31152:357:109 50 50 49 99
1759 1785 1816 2245 5164 7487 7490 7491 8093 9201 12513 13743 16975 17205 18228 21737 21779 26208 27544 37236:8454:944 478 269 229 1490 398 199 199 199 356 159 99 638 189 689 219 245 358 679 418
1153 11867 13979 22982 33927 39138:5622:299 599 1276 199 529 2720
11478 11777 13093 13718 39454 39684:1574:299 279 369 399 178 50
11630 11635 12762 13718 14524 15342 15802 22269:2207:139 139 718 399 229 239 95 249
3444 10990 15668 16971 19212 21648:2502:299 339 738 149 319 658
13743 18226 20125 21742 36200 36202:1952:99 379 249 229 398 598
30602 30605 30606 30607 30608 30609 30611 30613:800:100 100 50 100 150 100 100 100
632 3533 4436 6196 7491 8176 15108 16961 22534 39388 39470 39587 43810 44428 44732:4239:399 45 229 189 199 239 999 299 189 136 150 26 500 200 440
3640 5031 8982 13657 15056 15753 24332 39359 39432 42923:2640:329 299 258 399 229 249 150 500 118 109
31290 39447:448:369 79
1762 8048 10482 10749 13695 13722 15222 16980 21227 24294 24299 28540 31675 32896 39333 39684 43875 46062:3875:629 139 199 199 299 199 239 289 349 75 75 239 299 219 108 50 100 169
1801 1803 1847 2304 2582 3590 14974 16979 26798 27058:2646:59 59 319 289 209 129 699 285 299 299
1783 4107 5345 8548 11402 12725 12729 13703 13730 13743 16966 16978 20044 39432 42526:3301:189 109 199 259 218 249 349 399 498 99 89 158 189 118 179
25721:219:219
3921 3929 3932 11358 12627 13730 14634 16236 16894 18828 18832 18838 21886 28214 39651 39688 43504:4158:139 69 59 99 379 249 229 299 596 59 59 59 230 399 87 899 248
5982:229:229
39171 39688:1399:500 899
1847 1972 2172 2236 4429 4728 4972 5301 7464 7470 7504 7613 8092 12415 12614 13718 13727 13730 14525 15108 16967 16980 18746 18751 18784 18798 19843 21642 21648 21931 27191 27193 31768 39305 39314 39430 39432 39455 39600 39610 39687:14223:319 399 649 649 219 299 159 499 179 309 179 195 189 239 219 399 249 249 687 1998 109 289 358 349 349 329 169 458 658 329 619 619 179 300 108 69 59 169 169 78 174
187 1893 2368 2961 4937 7427 7432 7638 12370 12377 12408 15960 16968 18565 20492 24304 24312 24314 26160 28350 31209 39373 39388 39432 39434 39439 39629:5889:299 99 44 199 299 99 219 399 339 339 199 169 119 459 289 150 150 150 299 339 589 312 47 59 98 87 39
498 505 5657 8058 8071 8084 8433 8650 9014 9062 9090 9110 9119 9239 9551 11412 11848 11861 12255 12297 12309 12328 12370 13503 13507 13737 13860 14054 14271 14344 14346 14496 14520 14588 14940 15100 15270 15426 15509 16236 16971 16975 16979 17454 18748 18880 19716 19894 19896 19898 19902 19963 20455 20459 20778 20843 21038 21210 21214 21735 21745 21746 21747 23123 24704 28536 34118 35159 35163 35186 35289 36200 36202 36203 39415 40128 43511:27833:125 150 399 199 249 169 402 99 399 429 299 389 299 449 279 119 239 349 658 349 349 399 339 200 189 249 200 319 499 129 129 796 758 219 1398 399 150 799 109 299 149 319 285 139 179 97 289 417 435 219 179 798 99 139 279 1369 389 379 579 215 279 279 259 99 127 398 559 639 639 679 199 199 897 798 261 169 423
4123 43442 43606:597:179 200 218
7314 8178 8181 16977 18474 18746 18789 20080 20173 21736 31195 39305 39448:5280:319 99 99 590 199 179 389 2499 219 235 239 150 64
21736 27371:648:470 178
8116 8122 13730 14262 14600 14604 14818 15354 15659 23173 23189 31715 39396 42290:5056:250 250 498 379 219 189 239 1678 339 199 198 229 250 139
10851 16361:394:125 269
21280 21286 39435 39452:647:139 278 138 92
15465 37469:548:319 229
6322 15802 16975 16977:878:169 95 319 295
16975 39189:358:319 39
2264 2413 2457 3195 4089 4803 13731 13743 16876 16977 24062 27897 28535:3572:489 300 199 150 178 89 498 99 358 295 359 359 199
8616 14919 16977:1712:299 1118 295
31257:299:299
871 3765 4861 5183 19655 21015 21016 21659 21951 21960 24669 32897 34433 36234 44123:5691:559 179 578 249 329 518 549 209 239 239 798 510 359 199 177
39429:396:396
31025:100:100
420 12501 13220 13718 13727 16969 21520 21521 21850 39371:2694:130 239 619 399 498 258 65 130 237 119
2175 7317 7320 7571 10636 11772 14845 15108 16966 16975 17085 21850 27747 39366 39683 43520 44130:7308:649 238 499 717 109 299 159 999 89 957 169 474 90 500 558 472 330
5182 6287 29995:1706:529 478 699
632 1758 2270 10844 10851 10854 18203 19839 31169 31174 43907:2878:399 629 399 25 50 50 349 279 189 179 330
28156:678:678
3231 5164 10791 10792 15081 16975 19040 19043 19045 21341 36202:2839:300 745 119 109 399 319 50 50 50 399 299
4633 11972 16280 16967 16976 22901 23498 29441 29644 29677 34843 36118 36202 36203 36305 37003 39688 40586 40587 40604 45107:15300:139 379 299 109 170 699 798 339 499 499 679 299 299 1197 698 349 6293 179 379 599 399
2172 13718 14730 15593 16986 21770 21912 21924 26148 26625 32898 39371 39481 39609 39610 43532:4640:649 399 89 209 145 199 230 438 89 249 170 119 68 55 267 1265
4909 5666 6805 8645 10971 11781 12187 12231 12613 15270 15351 15663 15730 16967 16978 20394 21738 21781 22482 26625 31529 34378 35983 36114 36234 36308 37090 38831 38832 39334 44132:8008:139 278 219 198 339 299 239 399 309 150 358 319 299 109 158 796 245 245 250 249 139 219 149 199 199 229 169 269 269 210 360
39156:89:89
10685:279:279
5182 12416 12437 13752 16977 28534 39359 39420 39429 39684:3723:1058 249 299 299 590 419 500 160 99 50
5251 5711 21771 23717 39138:2415:698 218 229 590 680
15459 15460 18713 25398 36200 36203 36234:4770:699 1598 778 699 398 399 199
3482 3508 3529 9092 9190 12186 12254 13703 15733 16894 16986 19703 19749 20140 21297 21939:3729:150 69 75 459 119 99 329 399 235 149 145 359 359 229 399 155
186 5448 5451 13743 16967 32747 36200 36203 36233 39452 43550:2259:229 50 50 99 109 489 199 399 199 81 355
39156:178:178
5736 6090 8995 8997 9004 9005 13972 13982 14052 15071 16976 18738 21175 43803 43878:4978:549 756 79 79 158 79 319 319 299 759 170 358 269 285 500
2172 5350 8524 8643 8655 12354 13157 13166 13730 14601 15115 15744 16894 16971 18221 18349 19755 19814 20018 20154 20173 20455 21723 22359 24108 26155 28269 30184 39337 42473:11603:2596 399 489 190 190 429 299 250 498 299 199 718 149 298 289 299 329 329 269 289 219 396 598 138 300 159 299 150 348 189
824 2475 3709 3900 4100 7317 16881 16885 16894 39432:5019:436 319 598 714 770 238 556 556 596 236
3896 6434 6443 6445 6446 6447 6456 7583 8159 8176 8181 10518 10519 10525 12289 12722 12735 12742 12774 12808 14520 16341 16907 18794 22071 39371 39388 39407:10453:99 658 478 478 778 1196 956 978 198 239 198 130 110 250 199 249 379 289 379 289 379 289 139 349 538 119 81 29
16977:295:295
4974 16977 39305 39432 43457:1074:119 295 150 118 392
12254 19830 21362:1077:329 349 399
13730:498:498
39388:120:120
2535 2562 16975 20410:735:118 59 319 239
8273 33559 39492:396:99 99 198
638:999:999
20 26 5342 9447 14163 14716 16907 16986 18353 18565 20387 39365 39430 39442:3281:99 198 179 178 399 89 139 145 299 459 359 500 69 169
28561:439:439
2413 4144 4698 4805 4936 7296 7349 7353 7630 10484 11486 12376 13718 15354 16294 16967 16985 18224 21780 21815 24293 24294 24299 37371 39118 39373 44699:7559:75 179 278 79 299 149 338 338 299 95 259 339 399 839 179 109 269 379 245 239 150 75 75 199 789 312 574
2304 4120 4369 4952 5445 12877 14402 18499 18500 18518 18642 18644 19561 20396 20842 21308 21341 21648 21736 21751 24309 24313 26506 28245 28256 40216 45127:7860:289 179 79 259 600 139 299 129 129 169 199 199 498 398 699 399 399 658 235 219 300 150 149 144 144 299 500
7412 36204 36305:1157:309 499 349
5634 15040 20109 21308 24001:3313:1398 399 319 399 798
31285 31289 31297:1117:369 369 379
4003 4010 4150 4846 8274 8276 8277 11860 13628 15108 18637 18643:2550:218 190 299 99 33 33 33 119 129 999 199 199
13914 16969 21893 43504:802:150 129 237 286
8275 36114:497:99 398
1834 5163 5165 41727 43441 43551:1541:319 159 229 99 318 417
3887 32721 32724:517:119 199 199
4069 4972 11038 13689 15003 15108 22706 27642 34551 39189 39419 39430 39434 39454 39455 39610:5601:289 159 178 199 299 1998 598 259 429 273 198 138 53 89 169 273
1834:319:319
12239 22373:233:99 134
2024 15108 16975:3613:658 1998 957
1758:629:629
1776 3295 6008 6360 7629 7987 10310 10335 10575 11405 12335 12608 12654 12814 13746 13940 16526 16985 19743 24329 24335 24341 26149 33970 35218 39610 43642:7442:149 189 255 419 299 419 130 130 275 218 149 239 309 289 99 319 387 269 339 150 75 150 159 379 939 360 348
2083 10961 16901 43500:1048:399 159 139 351
39143 39206:1600:600 1000
3524 4367 7295 8252 8525 10524 10593 10967 12743 13727 13743 13914 16300 17276 19774 20129 21893 37225 39314 39609 39610:6082:90 109 79 1499 459 55 95 125 339 498 99 150 358 297 279 229 474 169 224 140 315
31044 36204:1398:899 499
9090 36202 36305:947:299 299 349
4595 7317 8640 8643 10539 16977 39458 43520:1479:99 119 95 95 109 295 143 524
1761 2284 2304 16966 16978 22887 39333 39481:2254:1058 299 289 89 158 109 192 60
39432 39451:182:59 123
11115 13743 13756 14991 18350 24514 26173 39314 39435 39612 40128:3874:599 99 249 1398 299 636 129 128 69 99 169
1834 13718 18770 18802 18807 20395 26439 34325 43868:2151:319 399 329 59 59 398 189 199 200
3021 3194 22315 22896 26152 39429 39435:1213:219 279 239 109 199 99 69
31649:539:539
26508:79:79
15782:279:279
39138:2040:2040
2269 5493 14103 16977 43550:2477:649 289 349 590 600
14976 26504:1164:975 189
1 1788 1977 4487 4518 4538 6446 6451 6474 6774 6775 12863 13523 16301 16977 19986 21532 21537 24288 29996 37445 39448 44002 44137 44420 44600:7587:239 189 399 149 139 139 389 430 658 239 239 159 449 499 295 399 40 200 259 599 399 72 296 412 100 200
21258 26155:268:109 159
21297:798:798
780 6063 6233 7281 14794 14918 18245 21498 21781 32874 34991 39388:3444:189 559 299 249 299 299 299 175 245 459 299 73
13743 39431:137:99 38
729 2190 4973 5671 5674 9239 9427 10890 13734 13743 14491 14543 16975 21736 21755 24084:6293:318 469 299 99 594 449 25 130 349 99 258 1323 319 705 199 658
13445 13446 13718 14502 15379 26152 32372 36114 39411:5334:489 978 798 1196 429 199 179 796 270
6731 16236 16237 42212:1276:179 299 299 499
1094 4972 12236 12523 13736 13743 13756 21289 26557 35646 39305 39419 39420 39430 39529 39617 39684:2113:109 159 99 34 189 99 249 109 119 179 150 99 120 138 156 55 50
5644 16977:404:109 295
12242 12255 39285:918:299 329 290
9172 10771 10821 10934 10935 10936 10937 12242 12266 20842 33041 36202 39688 41599:6334:399 129 298 329 329 329 329 299 299 1398 299 299 899 699
4104 10770 16977 18495 22528 28536 28562 39430 39617 39684:1572:118 109 295 159 289 199 169 138 46 50
1986 2268 2690 2936 3050 3520 4516 5609 7586 9039 9062 9100 9563 10687 11772 11818 12343 12742 13710 14824 15563 15584 15734 16118 16977 18448 18450 18452 18453 19025 21736 22035 22590 24200 24206 24760 27672 28259 30957 36200 39610:10344:399 269 279 118 399 118 79 399 329 199 429 599 499 289 299 299 159 289 299 499 299 299 299 100 295 29 58 29 29 159 235 145 89 299 299 299 159 144 389 199 243
39155:138:138
16911 21308 21850:934:298 399 237
10806 16979 24315 36202 37705 43408:1466:149 285 150 299 295 288
130 21288 39256 39777:4084:399 139 47 3499
1773 5215 7516 10984 15474 19092 36114 43746 44129:2272:109 595 309 339 229 299 199 108 85
15713 16978 21407 21411 23392 24302 24304 24306 24307 24313 24314 24315 27722 39334 43389 43408 44560:3010:279 158 359 359 199 75 75 75 75 75 75 75 299 261 183 288 100
7377:239:239
2239 2241 2455 3905 3915 3917 3945 3991 4033 4078 4099 4669 5633 7317 8643 8655 11337 11453 11632 11772 12461 13703 13730 13736 13743 14605 14826 15354 15753 15754 16883 20442 20451 20479 21648 21876 21895 22347 22900 24663 39365 43418 43636:14651:649 1298 338 69 99 99 150 138 298 269 169 199 399 238 380 190 199 358 289 598 158 399 498 189 99 179 179 839 249 249 139 209 99 278 1316 230 190 519 399 289 500 495 524
12253 28544 39420:518:329 149 40
1458 13870 31529 36813:726:139 50 278 259
504 9421 21280 21288:423:50 95 139 139
389 8993 8995 8997 13718 15486 15683 16975 16977 17359 21210 21766 24991 24995 28051 28052 29665 30909 31782 32362 35497 39388 39415 39419 39472 39617 44397:9090:499 79 79 79 399 289 409 319 885 189 758 199 99 99 279 279 500 155 399 258 1698 136 270 99 250 14 372
1758 31528:768:629 139
23317 23498 36200 36202 36203:2589:297 798 796 299 399
14491 26193 30888 39688:1802:387 278 238 899
513 1787 1820 2195 2268 3541 3653 3755 3761 3764 4385 4474 4478 4516 4551 4722 5089 5117 6009 6073 7843 9274 11649 11933 14155 14534 14581 14582 14842 14859 16967 17459 22327 39371 39430 39432 41188 43506:9548:239 567 99 538 269 85 258 190 190 150 99 79 269 79 139 279 379 279 85 599 169 201 299 139 59 507 409 299 129 799 218 179 395 119 138 118 119 381
33145 33149 33155:293:72 72 149
2238 9423 12486 13746 13749 16258 26240 39434 39442 39454:2671:649 190 379 99 249 329 429 89 169 89
9485 11768 15108 43908:2483:199 100 1998 186
7281 13728 15344 16967:986:249 399 229 109
6192 7377 7387 7388 15108 18350 22058 44239:5477:169 717 478 717 1998 299 199 900
16236:299:299
13718:399:399
836 12266 12589 12836 13067 13444 14543 15611 16569 16975 18738 21736 22068 24034 26624 32953 37406 37445 39600 39812 43727 43736 43766 43884:9247:599 299 399 299 657 499 189 578 249 319 358 235 429 769 139 359 399 399 169 329 230 245 1000 100
34846:319:319
5182:1058:1058
1865 9422 9423 12300 15247 20080 21259:3286:239 95 95 99 150 2499 109
4974 5646 5663 5664:516:119 109 179 109
729 1834 2241 2304 2450 2539 2542 2729 3564 3736 4099 4429 7305 9227 13736 15221 15554 15978 15979 16883 16975 21545 21736 21933 30220:6447:159 319 649 578 139 59 177 118 109 239 169 219 179 159 189 249 469 109 327 139 319 700 235 270 169
3755 12343 13718 23124:847:190 159 399 99
1601 3610 5258 7517 16911 16971 16975 22274 22286 22359 23689 24247 39373:3110:100 199 249 179 149 149 319 299 329 138 289 399 312
8138 8170 9426 13914 13972 13979 14054 25179 25220 36202 36234 39687 39688:6862:169 169 75 150 319 319 319 899 179 2093 199 174 1798
39138:680:680
8640 8643 8654 15418 15754 16977 21893 35159:2449:190 190 190 459 249 295 237 639
16911:298:298
3567 3568 3579 13730 21298 22324 29469:1614:85 85 89 498 399 259 199
3610 16975 39432:896:199 638 59
15108:1998:1998
13710:299:299
1045 2413 3708 5163 5602 13914 15954 39432 39434:1573:229 150 149 318 299 150 69 118 91
2242 6445 6547 7469 7476 7478 11443 11446 12319 13718 13731 16118 35371 37260 39681 43442 43457 43553:7740:649 1195 149 239 239 239 139 139 259 399 498 200 349 599 1245 444 420 339
4431 4437 12212 12254 12327 13929 13931 14052 16251 17023 20464 20469 31058 37445 41820:4582:269 189 329 329 329 319 319 299 179 188 298 438 200 798 99
9437 13851:145:95 50
13731 13743 13746 15108 20176 39432 39452:2743:498 99 99 999 838 118 92
8004 10314 10316 10334 15808 16978 21736 29569 36203:2844:299 455 420 210 339 158 235 329 399
2078 2242 3643 3644 4972 7317 12230 13731 13736 15310 16975 21850 28536 37261 39305:5262:579 649 139 139 159 119 798 498 189 339 319 237 199 599 300
1756 44123:1790:1499 291
504 6148 7251 7253 7255 16131 37308:1270:50 175 149 149 298 50 399
23271 39189:138:99 39
20491 22775 25563 39305 39334 40128:1390:289 329 339 150 114 169
6022 8194 16977 16991 21674 21817 21940 36202 39688:2854:85 239 295 100 459 249 229 299 899
5633 9016 13930 23873 25654 31698 31715 35086:2942:399 389 319 179 799 219 229 409
43945:240:240
39184:300:300
1780 9044 19202 19681 21286 21413 21736 21893 24292 24293 24296 30505 33290 36202:2889:119 229 189 279 556 118 235 237 75 150 75 199 129 299
16886:139:139
13730 21816 44123 44427:1106:498 209 99 300
15430:519:519
21361:399:399
420 428:364:65 299
2304 5164 5666 11632 12011 12031 16886 18887 28296 29468 41527:4189:578 745 139 289 379 379 278 229 75 199 899
23197:379:379
3660 3704 4513 5356 13730 18748 21386 21736 30341 35151 39617:3592:549 139 219 455 498 537 399 235 119 389 53
4295 8091 12305 13743 14164 21258 31025 31029 39541:1413:129 199 99 99 399 109 150 89 140
39171 39688:1399:500 899
5715 16969 21736 35224 39432:1580:319 129 235 779 118
867 10889 16861 21318 39191:857:379 65 109 109 195
6148 36202 39314 43500:1829:525 897 68 339
12236 12262 21736 30616 32869:1446:198 299 470 330 149
36202 39688:1198:299 899
1758 4840 44224:1116:629 349 138
1793 1794 5646 31554:685:59 118 109 399
1603 39371:596:477 119
39688:1798:1798
2174 16894 16934 16977 39289:2306:649 149 229 1180 99
1101 2020 2025 21540:1756:299 329 329 799
1787 3676 5258 10618 13038 14540 15268 16682 16695 16975 21280 35604 35650 39684 46045:3317:189 218 249 300 179 229 150 239 239 319 139 319 349 100 99
21286 28370 34931:707:139 269 299
12609 16124 23163 33529 39419:1113:279 50 189 199 396
5298 5300 16975:1317:499 499 319
39155:69:69
2996 6547 15751 16978 22828 33730:1303:199 149 249 158 159 389
16124:50:50
4890 4892 5722 6405 11654 11673 15809 16981 19868 22900 33231 39282 39359 39388 44444:4131:150 45 500 489 249 249 349 306 219 399 329 147 500 100 100
39138:680:680
5706 8132 10619 10979 11634 13743 15216 16970 21020 21572 28048 36200 36202 39388:4131:298 255 150 589 99 99 499 65 299 549 299 199 598 133
2292 2304 11152 12243 12383 19255 22093 27262 31043:3610:289 289 199 229 100 249 657 1499 99
1791 1801 1804 16977 22750:810:59 118 59 295 279
39138:680:680
16911 16985:418:149 269
6437 12740 12780 16881 20396 20530 39138 39684:2772:698 299 379 139 398 129 680 50
2982 2983 6031 13898:2758:1476 1098 89 95
12022:379:379
13914:100:100
1300 2706 3680 3689 4928 6195 9049 9050 13730 13743 15471 21822 38612 39452 39470 43373 43506 44732:5157:269 299 109 119 159 189 229 229 498 99 358 259 279 82 200 972 423 385
15428 43103 45570:1626:659 249 718
16882 21633:428:159 269
4733 20757 39334:623:199 229 195
1760 3537 4728 8640 15312 36200 39373 39388 45466:2382:529 75 299 190 199 398 312 101 279
8294 11336 11445 11450 17454 33332 36203 41135 43461 44497:3537:369 119 278 417 139 499 399 357 760 200
512 7241 9062 9192 36203:1595:319 149 429 299 399
1846 2175 2269 3635 6469 6470 7478 7496 8656 16118 16977 21410 28351 39305 39515 43504 46084:4585:269 649 649 189 379 379 239 239 190 50 295 359 199 100 39 232 129
824 6450 6452 6499 7317 16977:2559:109 719 598 719 119 295
2499 9039 24272 27897 38074:1565:299 199 499 359 209
5646 11963 39688:4084:109 379 3596
1815 1834 15086 15354 16894 16975 18354 21253 37736:4173:179 957 475 839 298 319 499 178 429
16977 21286 22828:593:295 139 159
1834 13718 13727 15108 16886 16977 43630:3021:319 399 498 999 139 295 372
16235 39640:338:269 69
4379 14922 36202 39371 39388 39481 44079:1332:218 159 598 119 71 67 100
10852:25:25
4714 4972 8092 10631 12650 16985 31099 44699:1666:109 159 189 219 139 269 50 532
162 11032 27596 29349 29397:1244:250 195 250 250 299
15685 18455 24930:628:319 50 259
2240 4099 4441 4972 5633 6829 9065 11157 12508 14496 16967 16977 17040 17094 21736 39305 39419 39432 43746 44296:5305:649 169 249 159 399 249 459 349 139 199 109 295 109 499 235 300 198 118 336 86
2304 7457 7472 7477 7484 18227 21893:2699:578 239 239 239 478 689 237
22898 39688:3915:319 3596
36203:399:399
2205 4106 4718 9039 12042 12114 12266 12722 14162 14541 14918 15802 16975 18719 18745 20137 37232 39684 40605:10856:269 109 209 398 2999 2899 299 249 399 229 299 95 319 499 717 429 189 100 150
15975 21857 22356 39388 39541:609:138 159 95 123 94
16894 16979 29335 29658 36506:1451:298 285 350 249 269
6435 6439 6447 6448:1136:299 299 299 239
38394 39610:986:698 288
6192 26559 39617:744:169 499 76
12237:297:297
2313 5666 5725 7607 8178 9269 10782 10806 12737 12844 13728 14704 16975 20106 20140 20395 20396 21286 21736 27219 28537 39285:7117:199 278 109 389 99 578 238 149 359 359 399 299 319 199 458 398 398 278 235 629 458 290
2297 5644 5647 5711 5725 7598 12599 15697 15698 16977 19743 19791 19981 20128 21217 22907 39687:7541:999 109 109 109 109 469 399 399 399 590 339 349 99 419 379 699 1566
2826 2829 5560 5584 5692 7397 8186 8188 10539 10634 10984 11396 12467 12490 12725 13641 14532 14533 15215 16979 18617 18733 18742 20064 20465 21528 21534 21563 21565 21777 22125 22531 22534 22546 25548 32579 37197 37211 38680 44699:11014:299 799 199 139 319 309 339 339 109 79 339 109 79 469 249 609 338 169 629 285 210 389 209 229 129 120 120 117 117 245 99 269 189 89 339 329 179 209 529 693
5634 8369 8371 10961 12244 13960 20258 36202 36204 36305 36862 40169:3948:699 200 200 477 229 299 339 299 499 349 199 159
4567 9264 10618 10622 11667 13099 13722 16841 16886 16979 21286 21766 21822 21887 21975 39393 40139 43500:4313:79 578 150 150 249 399 199 149 139 285 278 199 259 139 99 100 529 333
13940:638:638
3589 16894 16977 21030 21042 21288 39429 39452:1883:199 149 590 139 389 278 99 40
3567 3708 12460 12461 19664 39393 46047:1075:170 149 69 79 269 100 239
5660 6547 8944 8955 8964 9049 13144 13718 16886 20687 27055 28046 39473 39488 39541 39681:4003:119 149 229 289 299 229 150 399 139 699 239 299 200 213 102 249
1047 1179 1834 4374 5634 5640 8047 11638 13718 15085 16333 16967 16985 17090 18798 18800 18883 21283 21308 21740 22901 34509 43766:9253:169 458 319 249 699 699 139 139 399 289 318 109 269 229 329 329 146 399 399 69 699 1399 1000
28561:439:439
2181 3873 9425 16128 21347 21349 22896 30533:1340:165 189 50 100 299 299 109 129
3190 13710 15108 16904 16979 18961 20176 21297 39359:4866:179 299 1998 139 285 229 838 399 500
640 10971 16978 39305 43408:1304:349 339 158 150 308
15165 15923 28303:797:189 309 299
2303 5633 9122 12219 13743 14604 16881 20130 39452:2045:199 399 199 299 99 189 139 419 103
1865 1936 6955 6956 6957 6958 6959 6961 6962 6963 6964 14546 16295 39191 39429 39435 40044 43455:4028:239 239 105 210 210 65 130 75 75 150 75 1299 179 195 99 69 229 385
2018 4972 16145 16152 16977 39305:1517:329 159 50 89 590 300
6073 13974 13982 16978 30573 38797 39388 39511 40605 44385:3386:599 599 638 158 200 349 81 207 200 355
1781 4911 7287 7331 7417 7480 9682 10997 16975 21039 24719 29771 29772 29779:3296:209 250 209 199 239 239 299 399 319 199 339 99 198 99
15457 18764 18766 21771 24842 39323 43727 43746:2255:179 349 329 229 199 126 190 654
3838 21752:398:169 229
22139:229:229
1672 2312 2773 3756 4086 4137 4398 12822 17458 22560:2085:379 139 219 178 99 55 99 299 319 299
16980 21498 39282:488:289 175 24
4932 12244 12768 12844 18748 21347 39388 44132:1961:139 229 379 359 179 299 127 250
12018 39138:1059:379 680
1151 1788 1987 1989 3610 4972 6192 6437 6468 9256 14582 16977 18899 26169 31104 31106 39430 39437 39481 43392 43871:4979:249 189 399 399 199 159 169 349 379 399 299 295 378 269 169 169 138 99 78 95 100
7469 7477 7483 11123:1156:239 239 239 439
421 11780 13718 13743 13898 21736 21740 21826 28271 40214 40616:2556:65 50 399 99 95 235 138 279 299 299 598
12284 31029 31043 42212:1613:229 89 297 998
26508:79:79
1760 3520 3858 13703 16129 21175 24817 32366 39393:2484:529 59 399 399 50 269 109 170 500
7523 15309 26891:857:239 149 469
6547 16228 23175 36200 44460:1546:149 299 199 199 700
6547 12328 23936:877:149 399 329
1781 2466:746:209 537
30999 36202 39157:1807:1399 299 109
16235 22982:1006:807 199
15602:879:879
2474:209:209
1787 1847 2531 2535 2540 3147 3763 4500 4834 5633 7527 8654 9029 13478 13730 16977 18748 18802 19004 20644 21756 23129 39388 39529 44444:8788:189 319 59 118 59 299 198 218 659 399 189 380 329 199 498 590 358 118 409 499 229 1995 144 234 100
22214 35591:428:299 129
3754 16975:857:219 638
633 4283 4575 4684 7503 7850 8050 8051 8070 8101 8118 9186 11469 12511 14526 14531 15018 15087 16967 19559 19562 19563 19664 19995 20018 21389 23026 23713 30282 32533 32555 32567 39388:11421:798 158 679 199 179 699 319 199 249 249 250 169 598 150 338 169 778 289 109 498 498 498 269 329 269 239 525 295 99 379 339 529 77
16977:295:295
7527 11142 13979 16268 16967 16979 16990 22457 22470 27755 31047 38222:5155:567 359 638 299 109 285 598 150 100 165 1596 289
3743 4082 7387 7469 14604 16675 16693 16694 18351 21303 39373 39388:3226:179 99 239 239 189 239 239 478 499 399 312 115
6439 6448 12772 19739 35362 39439 39684:1260:299 239 199 279 119 75 50
1834 6452 7630 7912 8092 9211 18944 21489 36202 36203 44544:3139:319 299 299 79 189 598 229 129 299 399 300
20447 39470:429:229 200
6451 8602 8632 10490 10620 12278 15222 22532 29503 39393 39610 39684 43872 44132:3566:430 499 189 109 450 259 239 269 239 150 333 50 100 250
1788 3256 3257 3876 4403 6095 6361 8078 9039 9239 9275 11150 12376 16292 16968 16975 18630 18776 20043 20110 21850 21893 24269 24270 35355 39388 39434 39625 39629:7260:189 50 50 239 199 199 255 309 199 449 179 295 339 179 119 319 199 329 149 239 237 237 359 359 1218 117 66 134 49
2956 2958 6828 7915 8656 12743 12768 13683 13710 15689 22903:3699:199 199 219 198 570 339 379 399 299 499 399
39333 39686:331:192 139
16133 21301:159:50 109
3797 7478 22018 32370:631:158 239 95 139
2917 4684 7620 7628 8531 9015 10896 11460 12488 14130 16295 16967 16978 20144 21551 21777 23197 24045 25218 26160 27644 31542 39305 39314 39365 39432 39456 43553 43632:8912:429 199 489 299 259 469 365 299 169 919 179 109 158 329 200 245 379 499 438 299 229 399 150 138 500 118 137 270 240
1847 2523 8052 8193 15030 16147 16975 18774 21824 24325 28248:4853:319 309 319 498 1499 300 319 329 259 558 144
5633 16977 19831:743:399 295 49
39182:22200:22200
1348 3281 3698 4376 6760 7317 10502 10541 10559 11415 11416 12220 12524 12829 13718 13731 13737 13743 14251 14608 15464 15759 15973 16881 16977 16978 17043 18339 19010 19057 19060 19673 20176 20179 21316 21486 21939 22413 22827 22831 24345 26552 28245 28543 30587 30602 30603 30605 30606 30609 30610 30611 30613 30661 30687 30697 30698 32239 34515 39285 39359 39419 39454 39587 39612 39614 39635 39640 43622 43805:15993:318 59 139 229 85 119 189 189 198 98 49 799 34 339 399 249 249 99 139 189 219 498 498 139 590 158 359 599 299 299 299 329 419 227 139 319 155 479 199 778 265 99 144 149 149 150 50 200 50 50 100 100 100 109 89 89 89 99 159 290 500 396 89 78 99 99 254 138 512 129
1758 2191 2540 4377 4389 10629 10959 11099 11630 14823 14881 15769 16904 19655 21975 21977 24062 27793 37723 39305:7746:629 469 59 599 436 218 636 479 139 359 1189 289 139 329 297 297 359 129 395 300
6024 15236 21362:1193:95 699 399
3840 4406 6192 8159 8178 8181 9687 12268 14540 16580 16981 19079 19143 23271 29193 33758:5013:379 159 169 99 99 99 598 638 458 189 153 299 319 297 899 159
1834 2018 2025 2240 2720 3003 3509 3563 3906 4106 7477 8656 11111 11637 13710 13730 14540 14585 16118 16881 16971 18253 18559 20395 20396 21258 21286 21498 21499 26631 31285 31490 39430 39432 39435 39452 43511 43630 44546:9567:319 329 329 649 278 129 150 510 129 109 239 190 559 289 299 498 229 409 100 139 149 139 219 199 199 109 139 175 175 119 369 299 69 59 69 88 420 390 300
2261 14157 22098 43875:1027:489 139 299 100
1834 4658 4972 6462 12461 16985 27791 39333 39481 43462:2498:319 299 159 549 79 269 59 102 143 520
1783 2239 4018 8326 8963 9080 9238 13718 13734 13743 13750 14172 14176 16300 16526 16978 17257 17259 21447 21974 22359 23069 28538 32360 39437 39466 39610 44132:7518:189 649 300 177 299 319 449 399 349 99 69 387 129 179 129 158 149 239 829 230 138 349 239 149 99 150 162 505
28045 43610:479:299 180
2236 2238 5706 5742 6118 8649 9430 12432 13743 14604 16977 18795 18799 20102 21365 21750 21771 24264 39371 39432 39610:7013:649 649 149 699 749 149 99 299 99 189 590 349 329 778 109 199 229 249 119 59 273
12554 12771 14748 16978 18788 22055 24610 29998 38339 39527 43765:3791:139 199 279 158 329 299 639 699 249 384 417
9444 13743 39419 39452:682:89 99 396 98
1847 2420 3238 5649 12461 13703 15246 15405 15406 16325 16980 21736 21793 34264:5660:319 199 598 149 158 399 319 1379 869 259 289 235 199 289
1504 1762:1068:439 629
1760 2069 2934 3058 3610 4099 4129 4397 4424 4728 9092 10512 12376 12378 13879 14237 14486 14526 14621 15208 15223 15957 15977 15982 16977 16989 18739 18912 20392 21021 21514 21515 21735 21777 22327 29999 32011 33874 44522:11340:529 519 118 138 398 169 299 119 219 299 459 478 339 429 100 219 399 169 199 499 839 99 158 99 295 89 179 165 239 299 130 130 215 245 395 699 199 469 300
17025 28255 31027 39182 39686 41788 41790 43962 44005:23828:188 144 147 22200 139 399 399 130 82
1759 2072 7317 8640 16975 16977 19024 22087 36118 36120 39396:4399:944 579 476 760 319 295 159 119 299 399 50
778 13478 21850 21893 24688:963:189 199 158 79 338
630 632 4562 5446 11882 15260 16894 17086 18263 19627 19632 19643 20148 20149 21436 21482 24460 25481 27503 28265 28270 29996 39452 39458 41035 41117 41687 42258 43181 43186 43871:13315:399 399 219 200 129 1678 149 169 439 299 299 299 438 219 399 489 129 129 2290 299 299 599 58 137 699 399 299 258 399 998 100
39206:500:500
3195 3510 4973 13727 21957 39432 39458 40128:1522:150 150 299 498 99 59 98 169
14399 21738 21850 21911 23188 29135:1108:99 245 237 230 198 99
782 4670 8107 8673 11636 12300 12461 13727 13755 13914 16331 18423 18738 19907 20395 21347 21752 32877 39366 39371 39429 39430 39432 44511:6871:189 399 199 189 159 99 158 498 159 150 119 849 179 179 398 1196 229 249 500 119 99 138 118 300
851 2264 2662 2934 3481 3492 5147 7816 8653 8654 9159 9343 11049 12205 12206 13625 13730 13756 15218 15251 15977 16874 16989 18563 18796 24445 39688 40616 43884:10766:299 489 339 118 180 178 899 239 150 190 209 599 349 279 299 69 249 249 519 475 158 139 178 799 399 1119 899 598 100
3519:99:99
8329 16978 21780 43500:846:95 158 245 348
2305 2691 3838 3899 4972 8328 13914 21736 39481 39610 46066:1779:299 339 169 179 159 95 50 235 60 105 89
9421 39688:1893:95 1798
2027 15579 16901 36112 36114 36200 36202 36203 36751 36978 37445 38220:4712:399 699 139 149 597 995 299 399 199 199 399 239
16268 23163 26737 37311:1286:299 189 399 399
1834 16977:909:319 590
6094 13703 13730 13743 15349 16292 16293 18802 20128 21777 24063 30889 39365 39430 39432 39634 43408:4589:239 399 249 99 179 179 537 118 419 245 469 239 500 69 59 186 404
5645 30069:568:218 350
6768 6776 12334 13710 21806 24063 26149 39472 39688 43502:5852:189 239 149 299 229 469 159 250 3596 273
3676 3681 3687 3688 3689 3690 6441 8176:3021:654 218 33 833 357 119 329 478
3520 4973 8047 9088 12422 16985 17033 43550:2051:118 299 139 299 299 269 338 290
9089 10699 13730 16985 26148 39318 39430 39432:1514:369 249 249 269 89 92 138 59
39688:1798:1798
3623 5457 8258 8656:2237:289 259 1499 190
13743 16482 24248 30674 39434 39453 39612 39617 44470 44699:2118:99 229 299 159 94 198 99 64 100 777
7596 10734 12269 13979 15210 16912 16967 20176 21736 22888 27513 27517 28248 28260 30759:7924:479 869 319 638 999 318 109 419 1410 139 519 519 144 144 899
15552 16254 16978 20486 39430:1194:219 299 158 449 69
145 795 1791 1792 1794 1796 1806 21218 21912 21946 21971 22125:2681:399 249 177 59 118 59 177 379 230 438 198 198
5705 10325 10327 10352 24002 44327:996:218 35 34 70 399 240
6331 8331 8332 8333 12620 16335 17224:1057:299 95 95 95 129 159 185
8151:179:179
17024:188:188
2895 3830 6069 8278 12376 15103 16894 16985 21927 22209 22767 23130 23199 30893 32023 36203 39373:7622:138 189 559 249 339 699 149 269 396 249 329 450 1999 119 778 399 312
2068 2250 7558 13743 13809 15108 16977 16985:3987:519 269 239 99 299 1998 295 269
1936 2304 12336 16879 24098:925:239 289 149 109 139
6022 13898 39191:375:85 95 195
15145 36204 39684:4647:3998 499 150
4551 5650 6632 6773 8673 8692 9239 12226 13746 13991 14162 14918 15291 16895 16968 17025 19726 19737 20041 20127 20621 21399 25716 26634 27361 39688:7407:139 129 259 189 189 179 449 329 198 239 399 299 219 129 119 188 279 279 189 359 598 449 179 359 165 899
39184:300:300
1898 3231 4401 4973 12314 13743 16298 21297 24966 39420 43492 43624 44037:3489:178 75 599 299 259 99 358 399 249 40 294 228 412
4114 4889 15714 33772 34951 39305 39610 43502:2019:179 150 499 489 99 150 180 273
2917 3477 3533 3579 7357 13099 13101 16978 20452 34992 39778 43441:7576:429 298 90 89 239 399 399 158 329 439 4299 408
1857 1891 21259:267:79 79 109
4973 9430 11783 13749 34871 39371 39430 39445 45240:4130:299 99 100 996 589 357 414 747 529
23317 36200 36202 37311 38612:1871:396 199 598 399 279
16977 19744 40695:2596:590 329 1677
39138:680:680
2151 12247 12260 29658:1276:399 329 299 249
2922 5165 5166 9566 10761 11336 12468 12861 13769 14582 16976 19718 19747 20113 20177 21745 21783 26149 27920 29135 35872 37311 37313 39688 45344:12108:807 229 657 499 159 238 189 279 999 299 170 339 329 239 419 279 339 318 359 198 469 399 299 1798 1799
54 5644 8324 39334:928:529 109 95 195
5302 15108:1498:499 999
526 705 1785 1834 2230 2851 3057 3605 3606 3854 3880 4875 4896 5450 7583 7774 10562 10564 10572 10575 10801 12212 12254 12507 12747 12837 13736 14344 14532 14533 14858 15108 16205 16967 16975 17023 17025 18243 18447 18448 20011 20045 20122 21288 21297 21406 21429 21436 21471 21548 21550 21551 21553 21554 21555 21556 21558 21562 23690 39359:16384:269 189 239 319 269 118 118 179 179 249 99 199 199 169 489 229 139 278 275 550 119 329 329 299 299 299 189 387 338 169 799 999 718 109 319 188 376 399 58 87 365 339 299 1112 798 50 50 399 50 50 50 50 50 50 50 50 50 50 409 500
4385 10845 13866 31528 34300 34976 35549 39191 39687 44971 44973:2207:99 25 89 139 219 639 239 390 174 79 115
1774 2245 3962 4972 5016 5429 6434 6437 6449 7910 8745 9052 11352 11640 12302 13093 13692 14532 14543 14918 14999 15451 16976 21308 23882 23883 23884 24287 25638 26157 26438 26439 26829 31293 32500 33811 34857 35356 37469 39435 39610 39684 39896 40695 43506 43575 43872 46075:18696:119 229 99 159 1299 159 658 349 559 129 2399 229 139 198 259 369 199 676 567 897 249 169 170 399 139 139 139 339 250 269 189 189 369 499 399 279 499 299 229 207 366 50 100 1677 426 368 100 498
12267:329:329
6638 12820 14161 16228 16455 16456 16459 36116 36305:3139:229 299 169 299 598 299 299 249 698
43504:204:204
5648 12239 13929 28257:671:109 99 319 144
21283 21293 21297 21307 21308 21341:3591:399 399 399 399 1596 399
5049 10687 27275 30234:2186:259 289 1499 139
12255:329:329
2003 5644 29416:828:519 109 200
39688:1798:1798
1834 13718 13730 15313 16977 39289:1949:319 399 498 339 295 99
38377:129:129
14054 16254 16967 16975 19883 20124 20456 21293 21735 22903 37058 39432 39453 39612 43575:3849:319 299 109 319 229 429 198 399 215 399 229 59 99 99 448
836 39681 39682 46056:1417:599 249 300 269
13883 15899 23827 44497:824:50 275 299 200
39688:1798:1798
4406 36935 38074 39138:1575:318 159 418 680
39138:1360:1360
39138:680:680
4369 15108 16573 35184 35591 39688:3771:237 999 189 419 129 1798
1847 2265 10797 13940 15310 15664 16977 18353 20137 21890 22019 22907 26149 27221 39359 46084:6484:319 489 119 319 339 459 295 299 429 99 95 1398 318 749 500 258
13914:150:150
18729:219:219
21308:399:399
3661 4872 4974 5547 5633 6204 7314 7324 9007 9172 11358 12227 12268 12737 13730 13743 13924 13950 14160 15714 16235 16546 16969 16985 18231 20393 20394 21014 21297 21733 21736 21751 21944 22022 22360 23772 24204 24344 24345 31708 34241 34246 34944 41187 44522 44547:16521:169 169 119 419 399 319 638 438 299 399 99 399 319 718 249 99 795 319 89 499 1614 198 387 538 379 199 199 458 399 249 235 219 329 399 318 529 299 530 265 229 329 359 99 209 300 300
5182 5647 9066 16253 22792 29996 31535 39127 39688 43733 44037:3881:529 109 209 299 179 599 109 99 899 450 400
11288 18354 33862 42270:2214:379 998 359 478
3744 3818 11639 13718 36118 36235 39305 39371 39430 39452:2055:249 99 139 399 299 249 300 119 138 64
2152 2199 3854 4972 10983 11417 14656 16170 16175 16479 16977 21578 21736 25398:4858:399 269 249 159 589 79 155 578 199 349 590 309 235 699
19004 39191:604:409 195
1852 8640 13011 16198 16975 16985 33331 43463:4769:398 190 200 299 1276 807 999 600
41184:299:299
1940 6331 7416 7571 12255 12376 16869 16881 16883 16911 16977 19832 26163 27069 27935 33538:4349:239 299 239 239 329 339 139 139 139 149 295 678 269 339 379 139
24988 30613:299:99 200
39138:680:680
6010 39138 39333:1194:85 680 429
22891 39138:819:139 680
2019 2024 16977:953:329 329 295
3147 4658 4659 12589 15802 16894 16978 26438 26442 29996:2655:299 299 299 399 95 149 158 189 169 599
16978 36116:407:158 249
39184:300:300
2215 2293 4646 6443 6448 7309 9259 10560 10595 10596 13028 13030 13118 13743 14162 14604 15262 15270 15718 16976 16978 21298 21308 21805 21914 21929 21961 22051 24077 24087 31502 31714 31715 39359:9816:269 289 769 239 239 239 399 198 99 99 267 89 738 99 399 189 150 150 235 170 316 399 399 229 478 198 239 378 399 199 299 229 229 500
703 1787 1847 2304 16977 39334:1380:189 189 319 289 295 99
842 5164 12220 14581 14689 16894 16971 16977 18646 20128 20130 20395 20876 21850 21893 22907 25407 29574 31106 31177 35746:7354:79 745 799 409 598 149 149 295 199 419 419 398 279 237 237 699 369 129 169 378 199
1529 15354 28415 35045 39319 39544:1571:79 839 65 300 243 45
2521 3535 4902 5633 7502 7515 8762 11632 12212 12256 12275 13743 14605 16971 18637 18641 18899 22284 28442 28561 39396 39609 41668:5648:309 45 198 399 179 179 279 289 329 329 129 99 179 149 199 398 189 329 229 439 300 125 349
36114 39610:674:398 276
2646 8157 9039 9205 20097 21736 22446 22482 22484 29469:2988:339 179 199 538 299 235 600 250 150 199
31882:498:498
1761 13743 15189:1427:529 99 799
5816:379:379
2843 3185 4150 9109 12240 13690 13727 14604 16894 20130 36203 39191 39289:3865:169 169 299 738 198 299 249 189 149 419 399 390 198
39138:2040:2040
7709 9237 14974 18795 21389 39396:2494:758 349 699 349 239 100
2239 16950:948:649 299
39138:680:680
8643 13749 39189:478:190 249 39
33745 35157:998:499 499
1781 5717 15108 16967 16975 36114 36305:4834:209 638 999 436 957 199 1396
39767:999:999
1781:209:209
729 2018 2235 2241 2736 2848 8092 8100 13718 13743 16967 43803:3803:159 658 649 649 129 99 378 199 399 99 109 276
2295 5048 9160 12242 12266 21736 36305:2489:319 749 239 299 299 235 349
1834 4374 5367 8159 8178 10338 11478 12768 13718 16894 16977 20096 20104 22816 39303 39305 39373 39617:5174:319 249 138 99 99 118 598 379 399 298 295 389 389 329 500 150 312 114
16977 16980:584:295 289
26518 36202 39206:1198:99 299 800
2022 2026 3482 3510 3529 3743 3755 4051 16894 16977 18449 18454 39305 39458 43545:3203:329 329 150 75 75 179 380 179 298 590 58 87 150 141 183
5533 8348 8349 11792 39688:1776:159 159 159 400 899
15260 16894 16985 36203:2942:1678 596 269 399
2641 13703 16967 22472 30915 37227 39138 39681 39687:2658:279 399 109 100 499 169 680 249 174
4718 4728 5697 5737 6358 7295 8408 8551 8649 9136 10503 12266 12789 13478 13718 15090 15889 16208 16978 16985 19749 20015 21500 21740 21841 21929 28045 39305 39684 43500 44079 44137:10376:209 299 139 1098 549 79 759 239 149 299 189 299 339 199 798 1279 158 439 158 269 359 269 175 69 139 198 299 150 150 366 100 156
11818 13703 16118 18748 29573 39359 39373:1918:299 399 100 179 129 500 312
1378 14768 24326 30603:998:369 200 279 150
5183 22799 31148 42280:1356:249 519 389 199
1498 4286 14837 18775 22716 33529 35673 43875:2373:609 199 99 329 519 199 319 100
13730:498:498
8273 16967 16977 18898 25334:1285:33 109 295 249 599
428 2237 4142 4390 8526 21033:3091:299 1947 179 238 249 179
12294 16967 16986 37311 38832 39388:1438:429 109 145 399 269 87
4077 18595 39453:905:299 309 297
16975 32179:488:319 169
3652 4539 6018 15087 15557 26148:1480:139 169 95 289 699 89
1977 29997 39452 39617 43734:1676:399 699 54 14 510
39239:47:47
4972 13746 26166 26173 38612 38673 39303 39314 39365 39430 39432 39434 39445 39453 39454:3287:318 99 269 129 279 129 500 190 500 138 236 63 249 99 89
1834 15457 17091 27273 39687:2431:319 179 538 699 696
2175 2304 6780 7416 7417 7482 15202 15260 18243 18447 19073 20039 39333 39587 39609 39610 39617:5199:649 289 239 239 239 239 499 839 798 29 239 189 240 20 57 306 89
8069 15108 15260 27493 27531:4803:249 1998 1678 379 499
39184:300:300
27375 36200 36202:627:129 199 299
16975 36914 39687 40589:1669:957 159 174 379
28551 39206:1078:578 500
8709 20173 20211 21736 28494 28495 39610:1154:229 219 349 235 25 25 72
11484:259:259
39681 44232:449:249 200
30463 39224:306:259 47
2230 2645 2700 2724 4947 4973 5448 9445 15664 16165 16967 21006 21906 22264 22508 23498 27059 28248 28278 36200 39435 40466 42326:6987:269 299 399 399 99 299 550 89 459 199 109 170 139 179 349 798 299 144 144 199 69 129 1198
12161 43746 44029:904:50 630 224
4918 5199 5794 9444 14971 16386 16404 16894 16975 20842 23197 34811 43746:5034:299 569 299 89 299 298 298 149 319 699 379 659 678
4388 5667 12218 12220 15612 16572 21280 21286 22497 22888 33300 44258 44333 44600:8745:189 278 299 799 479 338 278 278 100 278 229 2000 3000 200
3488 8656 39388:316:45 190 81
8133 19817 36224 39442 44469 44470:1172:255 49 499 169 100 100
16979 28443:514:285 229
4842:349:349
1789 4972 12597 14036 21007 32368 39467 39481 43506:1993:239 159 409 119 258 119 200 64 426
4481 5067 5165 5804 5807 6412 14524 16975 20395 39515:3711:169 249 458 559 199 695 229 638 398 117
10605:95:95
5645 8329 9056 16883 16968 16975 18705 21736 23624 28536 39138:2771:109 95 278 139 119 319 199 235 399 199 680
5511 39182:22439:239 22200
8159 8176 13710 16977 21850 44471:1980:99 239 299 295 948 100
1847 9443 13240 13253 16975 33719:3633:319 89 879 809 638 899
782 1784 2239 2932 3475 3482 3657 3667 3681 3705 4368 4933 4972 5371 5376 5377 5387 7901 10582 15108 16911 16971 16977 21529 21536 27644 39303 39359 39373 39429 39430 39432 39452 39454:7880:189 239 649 118 239 150 387 238 218 179 79 299 159 69 69 69 69 179 118 999 149 149 590 40 195 229 500 500 312 99 138 118 57 89
29603 36122:898:399 499
1834 2569 3560 3980 3985 4141 4491 4502 4504 5633 7486 7558 8112 11486 12627 13730 15838 15842 16894 18245 21736 21887 25554 32365 39429 39610:7767:638 249 170 149 119 259 289 289 598 399 239 239 199 259 379 498 250 250 149 299 470 278 339 340 99 321
703 7469 7472 7571 8159 8181 24301 24313 24340 24341 31880:1721:189 239 239 239 198 99 75 75 75 75 218
39138:680:680
6346 21242 21749 39481:1287:299 719 199 70
21280:139:139
3916 6771 8224 27257 31536 39430:2552:198 189 959 959 109 138
16940 18234 39610:855:199 299 357
632 665 4106 7426 7609 8071 8102 8985 8986 8989 8990 8991 10315 10335 10961 11347 12231 12295 12461 13972 14012 15763 16254 18447 20989 21644 21662 21895 22061 22907 31170 37222:9079:399 249 109 198 399 498 249 79 79 158 158 79 65 65 477 119 399 499 158 319 319 598 299 145 369 758 459 95 115 699 299 169
5715 39334:688:319 369
1834 2066 8655 8656 16977 31025:1423:319 519 95 95 295 100
8745 17112 33932:3397:2399 179 819
505 39388:186:50 136
763 2230 2304 4094 4099 5563 7458 7462 7469 7477 8092 11453 11777 13718 14256 14604 14985 16537 16540 16977 19045 21006 21736 22807 22809 24203 26168 39432 43504 45244:7343:149 269 289 139 169 199 199 199 239 239 189 179 279 399 289 189 289 99 139 295 50 255 235 389 389 598 269 59 274 389
4459 13718 23186:1295:198 798 299
1839 39359 39609:755:198 500 57
19989 21101 26156:817:399 149 269
39171 39688:1399:500 899
3577 4374 16977 16980 16985 23778 23781 30530:1620:189 249 295 289 269 100 100 129
3980 4375 5112 5553 6338 9052 12588 16884 18353 20184 20482 22530 22595 24098 26152 36305 39430 39432 39456 39610 39682:4355:149 249 299 139 289 229 259 119 299 329 139 219 150 139 199 349 69 59 138 234 300
16948 16956 37348:1794:897 398 499
1834 2202 2304 3529 3973 5163 5666 5712 6111 7469 7482 7496 8046 8049 8643 8655 9190 11893 12685 13730 15108 16967 16975 21407 22084 22590 23097 24302 24304 28442:9118:319 269 289 150 99 636 139 139 479 239 478 239 398 638 380 190 238 279 199 498 999 109 319 359 229 89 190 150 150 229
29135 39451:303:198 105
21286 21308:677:278 399
1761 29135:727:529 198
2851 3158 4054 7561 11415 12183 12254 12350 12820 12822 16537 19561 34950 39458:3455:177 59 299 309 147 99 329 329 299 299 198 498 318 95
3221 11893 12416 14604 18242 32265:1165:50 279 249 189 299 99
12020:379:379
2304 2983 3482 3510 3513 3529 3657 3676 3763 3912 4513 7589 7604 10520 11348 15673 15678 16713 16975 18476 18479 20128 20130 33732:7836:289 549 300 300 130 150 258 218 198 379 219 399 399 218 199 369 459 249 319 199 279 419 419 919
4148 4151 5444 5448 28270 36203 45323:2795:299 299 125 375 299 399 999
2254 2255 4467 6547 10952 17631 17871 28849 28871 39420 41243 44471:3183:199 199 239 149 119 479 519 150 150 80 800 100
3195 11659:948:450 498
11780 13743 16152 16976:408:50 99 89 170
729 1940 2175 6456 14974 16980 17146 20098 20099 21197 21199 21200 21893 28289 28296 35113 39430 39515:6865:159 1434 649 956 699 289 219 389 389 118 118 118 395 50 150 439 138 156
8285 21801:648:399 249
1155 5646 14126 32877:1486:519 109 609 249
10043 11179 21310 26149 26163 36202 38612 39435 39610 43442 44732:3990:279 678 399 318 269 299 279 69 333 264 803
5705:109:109
2413 3580 3581 10699 11484 14585 15976 16978 16986 18879 18880 21804 21876 24279 36537 39373 43870 44079:4374:150 234 118 249 259 409 207 316 290 97 97 259 460 358 359 312 100 100
528 13934 36202 36301:1066:369 299 299 99
1787 1817 4103:427:189 179 59
1847 5444 13683 16118 16131 16147 16150 24461 24465 31043 31058 31872 41791:1792:319 50 399 50 50 150 99 99 129 99 50 99 199
428 9434 9435:477:299 89 89
346 629 632 2237 13696 21804 27364 29682 37348 39359 44137:5543:1299 399 399 649 299 259 129 595 499 500 516
1993 2241 6687 12328 13733 14605 16251 19718 21308 21735 21765 22401 26793 27516 36202 36203 39432 39481 45179:7324:399 649 259 399 249 179 179 339 399 215 578 750 179 519 598 399 59 77 899
16977:295:295
36120 39688:1298:399 899
2307 2972 16489 16981 18746 18834 18836 43630:2032:278 138 358 153 358 210 210 327
4878 12327 15262 16252 19736 19814 26149 41441 43868:2273:159 329 150 299 349 329 159 299 200
1763 2304 3057 3676 4878 4972 5449 6240 7482 8049 8058 11126 11129 12268 12722 12824 16298 16473 16971 16975 16977 21308 21420 21775 21779 22256 22900 39448 39610 44266:8238:315 289 236 218 159 159 169 359 239 319 398 599 349 319 249 299 179 189 149 319 295 399 339 245 245 199 399 67 339 200
8361 14869 16146 27403 30485 36069 39191 43349:2473:199 229 89 699 369 199 390 299
1348:159:159
3896 5521 32284:373:99 125 149
16894 20394 20395:547:149 199 199
39366 42021:1250:500 750
21751:219:219
39206:400:400
1761 2316 6408 9423 21308 21736 28534 39452 39609 39687:2489:529 199 199 95 399 235 419 124 116 174
28303 39420:419:299 120
10590 11403 43462 43783:1066:95 109 332 530
12031:379:379
4842 23774 28253:1042:349 549 144
36202 39688 43347:1796:598 899 299
1731 5645 15112 24307 24335 24344 35558:1651:189 109 699 75 75 265 239
6448 6470 12822 12823 16697 16698:1933:478 379 299 299 239 239
2505 26438:418:229 189
2216 5079 7254 10973 11403 12268 12289 13875 15750 16911 16977 18722 19737 19772 19784 21528 21532 21533 21538 21541 21962 24302 39388 39458:7093:289 199 149 669 218 319 199 219 319 149 590 239 558 349 678 240 240 240 240 240 159 450 78 63
2172 16975 21736 28444 28536 39419:1829:649 319 235 229 199 198
8046 16876 16975:876:199 358 319
9421 31705 39182 39420:22634:95 259 22200 80
5665 22900:798:399 399
16985 43522 43550:847:269 288 290
1758 12768 16894 16977 17454:1970:629 758 149 295 139
6438 6439 6443 6447 7457 7480 8178 21850 39206 43734 44129:3778:329 299 239 897 239 239 99 237 200 480 520
4471 4491 4504 4509 6807 7839 11348 12225 12289 12313 12642 12673 15710 15896 15899 17412 19023 19202 21745 21793 22785 24461 29879 36300 37058 38744 40128 45109:8134:299 289 598 289 219 238 199 329 199 279 369 309 349 275 275 75 636 189 279 199 349 99 799 99 229 199 169 298
8138 8170 12234 16885 17504 18203 21175 26438 27722 31177:2539:169 169 229 139 349 349 269 189 299 378
39 47 56 2449 2797 4371 8178 12654 13116 16881 16981 21669 27818:4248:109 599 529 319 219 129 99 618 738 139 153 199 398
12266 39171 39688:1698:299 500 899
732 1786 2207 2375 2724 3580 3817 4051 7325 11413 15714 16907 19893 25550:4550:398 189 538 239 399 39 297 179 899 59 499 139 358 318
5667 5693 5709 7476 7571 12739 13730 13914 16956 22889 24004 32365 39388 39430 44427:3656:139 298 139 717 239 359 498 150 199 139 99 170 72 138 300
16985 37309:568:269 299
9425 13710 15465 25204 32223 32265:2087:25 299 1276 249 139 99
36202:299:299
5733 13743 15751 16882 18659 21015 21850 21980 22015 30506 42902 43746:3206:399 99 249 159 199 259 158 299 349 349 339 348
2518 4878 6192 12343 14823 21749 22786:1642:199 159 338 159 359 199 229
10842 10850 10851 10852 22809 43550:804:50 25 25 25 389 290
2236 2238 6547 15682 16631 16977 18751 18780 18787 18789:4950:1298 649 149 369 419 590 349 349 389 389
2934 5162 5645 7293 7470 7554 7578 7596 8069 8138 8141 9238 10502 10978 12255 12508 13710 13731 13743 14012 14826 15310 15682 15722 15797 17036 20138 21881 21904 22121 22366 22818 23123 24200 24201 25476 25481 35983 37445:10446:59 899 109 149 309 99 399 479 249 169 109 449 189 339 329 139 299 498 198 319 179 339 369 235 369 169 519 115 115 239 178 329 99 299 299 129 129 149 399
1823 4876 6498 6501 7472 7571 19886 20757:4062:159 199 1399 1459 239 239 139 229
4884 10685 13131:1117:309 279 529
5049 13743 18353 21312 30605 33529:2802:259 99 299 1647 100 398
633 1125 1388 1745 2259 2305 2412 2505 2604 3422 3561 3853 4311 4425 5040 5302 5460 5462 7902 8645 8712 9128 9343 11093 11415 11477 12353 12808 13727 13743 14589 15100 15960 16653 18597 19760 19899 22292 22934 26232 31691 33655 34085 35507 36234 38612 39430 39539 39610 40338 43642 43734 43746 43873 44049 44132 44384:20187:798 159 619 178 199 299 498 229 159 199 218 249 299 219 398 499 369 798 69 495 239 139 599 299 147 429 858 289 498 198 379 399 169 89 398 299 139 279 149 359 298 509 689 718 199 279 138 103 357 299 500 510 744 100 525 550 365
39684:50:50
6498 6501 21198 21199:4494:1399 2918 59 118
4869 21721 22585 31869:703:169 335 99 100
1758 1760 7317 10788 10797 16885 16975 20216 21312 26499 31170 32251 39419 45965 45986:4951:629 529 357 119 238 278 638 289 549 129 299 499 198 100 100
579 2134 2304 3232 4376 4394 6010 6091 6901 9239 16912 16914 19126 21736 21851 21894 28100 28269 28536 29416 32089 32496 34945 35141 42512 42517:8098:1199 299 578 150 229 278 85 239 159 449 159 159 199 470 189 567 339 299 199 200 299 399 318 499 49 89
5182 30757 40463 40911:1426:529 399 199 299
4057 5633 15682 16977:1617:259 399 369 590
9155 26149 39634 43871:752:299 159 194 100
6148 7315 7493 13746 22285 22286 23302 26625 31698 37261 37275 39388 39433:4113:700 638 289 99 329 329 198 249 219 599 299 82 83
20474 21409 25709 28536 29335 31301:2822:279 1436 399 199 350 159
7314 7317 8758 12245 20683 21286 21736 21755 22646 26547 39420:2156:319 119 249 229 339 139 235 199 119 109 100
21766 21770 28442:627:199 199 229
729 2268 2304 3509 3511 3988 3991 6817 7233 7317 7472 7482 7571 10687 11467 12183 12256 12267 12762 13695 16967 16977 18224 18448 18487 18505 18507 19893 20393 21680 22108 28551 30290 31286 33529 39684 39687 43504 43551:10043:159 269 578 75 75 69 69 219 149 238 239 239 239 289 299 99 329 329 359 299 109 295 379 116 99 99 99 179 398 459 269 289 500 369 199 50 870 270 375
10682 10699 27722 29335:1147:249 249 299 350
6444 6447 20169 32877:1006:239 299 219 249
3309 14537 15344 18572 23187 39333 43746:1965:299 169 458 169 198 330 342
6731 7317 11757 12163 13967 16139 21327 21736 24098 32040 36202 39687 40164 42255 45992 45999:3872:358 238 178 100 299 25 638 235 139 629 299 348 37 149 100 100
3471 13887 15224 16941 16956 36202 39688:3452:569 89 299 199 199 299 1798
5137 8041 8076 14582 21738 39430 39435 43506:2248:459 139 249 598 245 69 69 420
1782 2175 2235 2237 2895 3508 3561 4469 4727 4973 5100 6022 6326 6816 8564 8652 8697 9152 10699 10728 11423 11882 12711 13730 13743 14352 14582 15414 15925 16150 16877 16883 16977 18363 18443 18646 19005 20034 20152 20460 21736 21858 21882 21893 21895 21935 21996 22000 22052 25408 25412 25554 26206 27398 28538 31099 32894 36233 36506 39366 39442 41727 43746 44125 44575:20704:239 1298 649 649 69 138 218 119 279 299 309 85 289 219 419 109 379 299 249 499 238 129 399 498 99 389 299 259 478 99 358 139 295 399 50 199 409 295 578 139 235 239 115 237 190 135 349 349 239 369 799 339 358 269 478 300 358 199 269 500 169 99 600 749 200
16894:149:149
1758 1760 1761 8294 39334 44384:2515:629 529 529 369 159 300
1761 21660:988:529 459
9221 9225 27022:457:159 159 139
39184:300:300
2298 4080 6008 23271 23273 29135:870:399 89 85 99 99 99
1758 3897 5148 5182 9239 11641 13703 20226 21267 26150 36200 36202 37737 39138 39365 40817:8823:629 299 899 529 449 578 399 239 798 778 199 299 349 680 500 1199
3335 19559 19562 21280 21770 21852:1554:359 249 249 139 199 359
2298 2521 8159 11076 11485 13733 16258 16977 18200 20989 21394 21779 21850 22359 22674 23114 27271 29569 36120 36765 37032 39429 39688 40600 43746 44037 44522 44575:11183:399 309 99 449 259 249 329 295 319 369 799 245 79 138 918 249 699 329 399 199 249 99 1798 379 600 428 300 200
21537 31790 32366 41187 43642:835:120 129 85 209 292
26161:269:269
6483 6767 12453 16986 21803 27807 28397 28401 38707:2386:498 179 349 145 239 339 139 139 359
823 7478 34182 37236:2055:99 478 1269 209
8102 11446 24813 39419 39429 39430 39435:902:249 139 109 99 99 138 69
12032:379:379
51 4878 5446 6408 10770 12740 21736 31044 36203 37273:3551:119 159 200 199 109 299 470 899 798 299
4401 12586 13730 15713 16967 18751 18753 21748 39388 39481 43455:2974:599 259 498 279 109 349 349 169 132 51 180
13914 16979:385:100 285
8048 16124 26149:348:139 50 159
737 1782 2146 2304 2936 16967 16985 18644 18650 21212 21736 27722 30275 39419:3421:199 239 349 289 59 109 269 199 199 379 235 299 399 198
12221 26217 38515 38516 38518:995:329 249 139 139 139
1176 1781 2204 2205 2258 4972 7293 7481 8199 9039 9145 10956 14997 15479 15698 15702 16331 16333 16410 16975 18228 18802 18804 19097 19894 19896 19899 21736 21737 21749 21929 22041 27066 30893 39432:11895:1399 209 269 269 199 318 149 309 339 398 299 747 699 499 399 399 119 318 749 319 689 236 236 258 139 290 278 235 219 199 99 115 319 119 59
2203 3817 4698 4717 7770 12350 12908 20451 39256 39333 39452 43504:2486:269 99 139 149 400 329 399 99 47 234 42 280
5633 7289 12011:977:399 199 379
11359 11360 14824 16971 16975 30729 30730 41187:3050:169 169 998 149 638 359 359 209
1847 16977 16985:1202:638 295 269
6759 16917 16976 21302 39407 39420:802:85 159 170 299 29 60
6437 6440 6443 6446 6474 6499 6507 23135 25405:5445:1047 719 478 389 329 719 215 750 799
7859:239:239